1
1000
Saturn 0 0 0 0 0 0 56800000.000000
B0 0.368222 0.927494 0 -7012.060837 2783.838283 0 1.0010010010010010e-03
B1 0.866404 -0.392667 0 3189.835316 7038.251104 0 1.0010010010010010e-03
B2 0.258040 -0.948187 0 7335.938419 1996.406402 0 1.0010010010010010e-03
B3 0.922648 -0.139139 0 1163.445046 7714.922521 0 1.0010010010010010e-03
B4 -0.832774 -0.509471 0 3980.603709 -6506.639689 0 1.0010010010010010e-03
B5 -0.806383 0.641997 0 -4623.672619 -5807.581142 0 1.0010010010010010e-03
B6 0.900779 0.140469 0 -1216.189674 7799.000059 0 1.0010010010010010e-03
B7 0.597085 0.702696 0 -5980.888544 5081.991659 0 1.0010010010010010e-03
B8 0.848344 0.551910 0 -4085.304756 6279.547116 0 1.0010010010010010e-03
B9 0.722017 0.724966 0 -5279.193840 5257.722115 0 1.0010010010010010e-03
B10 0.934953 0.575208 0 -3769.279812 6126.652868 0 1.0010010010010010e-03
B11 0.538872 -0.723709 0 6363.773179 4738.451706 0 1.0010010010010010e-03
B12 -0.876256 0.326952 0 -2724.303361 -7301.342275 0 1.0010010010010010e-03
B13 -0.812024 -0.458870 0 3839.236062 -6793.981799 0 1.0010010010010010e-03
B14 0.737962 0.601090 0 -4878.703658 5989.618224 0 1.0010010010010010e-03
B15 1.035758 -0.085229 0 606.282071 7367.954554 0 1.0010010010010010e-03
B16 -0.203085 1.024462 0 -7233.878870 -1434.014789 0 1.0010010010010010e-03
B17 -0.897694 0.433889 0 -3284.546044 -6795.562337 0 1.0010010010010010e-03
B18 -0.981188 -0.136732 0 1045.086061 -7499.519138 0 1.0010010010010010e-03
B19 0.441304 0.820395 0 -6876.755795 3699.115331 0 1.0010010010010010e-03
B20 0.571888 -0.769267 0 6177.685753 4592.607312 0 1.0010010010010010e-03
B21 -0.023454 1.017052 0 -7470.152164 -172.268505 0 1.0010010010010010e-03
B22 -1.084495 -0.014081 0 93.955867 -7236.114089 0 1.0010010010010010e-03
B23 -0.124534 0.937501 0 -7682.293828 -1020.483812 0 1.0010010010010010e-03
B24 -0.676997 -0.752360 0 5568.741698 -5010.925276 0 1.0010010010010010e-03
B25 0.267267 -0.945203 0 7317.412774 2069.083862 0 1.0010010010010010e-03
B26 0.859504 -0.388423 0 3195.777481 7071.617239 0 1.0010010010010010e-03
B27 0.060951 0.910079 0 -7873.665678 527.321556 0 1.0010010010010010e-03
B28 -0.557835 0.729847 0 -6247.472425 -4775.057486 0 1.0010010010010010e-03
B29 0.831729 -0.509044 0 3984.083210 6509.614421 0 1.0010010010010010e-03
B30 -0.386697 -0.844187 0 7110.696224 -3257.196688 0 1.0010010010010010e-03
B31 0.379627 0.902913 0 -7019.900749 2951.496914 0 1.0010010010010010e-03
B32 0.168041 -0.921446 0 7660.951795 1397.100159 0 1.0010010010010010e-03
B33 -0.746525 0.754758 0 -5200.570040 -5143.836029 0 1.0010010010010010e-03
B34 0.182871 -0.967877 0 7461.721292 1409.820326 0 1.0010010010010010e-03
B35 -0.241055 -0.884196 0 7595.357876 -2070.691158 0 1.0010010010010010e-03
B36 -0.711832 0.740334 0 -5360.738602 -5154.352670 0 1.0010010010010010e-03
B37 -0.389163 -0.819279 0 7148.060233 -3395.380198 0 1.0010010010010010e-03
B38 0.705611 0.675529 0 -5273.263529 5508.091516 0 1.0010010010010010e-03
B39 -0.906171 0.602230 0 -3999.173205 -6017.528245 0 1.0010010010010010e-03
B40 0.993735 0.001210 0 -9.205406 7560.288717 0 1.0010010010010010e-03
B41 -0.991205 0.156190 0 -1171.098195 -7431.960518 0 1.0010010010010010e-03
B42 -0.807930 0.672237 0 -4701.940136 -5651.040396 0 1.0010010010010010e-03
B43 0.402236 -0.881912 0 6964.744100 3176.586686 0 1.0010010010010010e-03
B44 -0.038054 1.066714 0 -7290.139619 -260.065651 0 1.0010010010010010e-03
B45 -0.221173 0.882639 0 -7663.845149 -1920.417674 0 1.0010010010010010e-03
B46 0.566651 0.769468 0 -6207.965018 4571.665929 0 1.0010010010010010e-03
B47 -0.870321 0.504051 0 -3766.308359 -6503.104787 0 1.0010010010010010e-03
B48 0.364008 0.936774 0 -7007.331652 2722.883596 0 1.0010010010010010e-03
B49 0.021239 0.925098 0 -7832.648518 179.823032 0 1.0010010010010010e-03
B50 0.766258 -0.539242 0 4480.864871 6367.269210 0 1.0010010010010010e-03
B51 -0.996105 -0.386029 0 2634.876248 -6799.009343 0 1.0010010010010010e-03
B52 -0.103792 -1.031185 0 7365.843956 -741.393976 0 1.0010010010010010e-03
B53 0.885205 -0.490935 0 3633.130976 6550.895174 0 1.0010010010010010e-03
B54 0.957635 0.148859 0 -1175.905298 7564.799248 0 1.0010010010010010e-03
B55 -0.894793 0.609748 0 -4078.539760 -5985.172663 0 1.0010010010010010e-03
B56 0.009279 1.055276 0 -7336.111618 64.507944 0 1.0010010010010010e-03
B57 0.840354 0.685815 0 -4575.380400 5606.373706 0 1.0010010010010010e-03
B58 0.919112 -0.479114 0 3421.870815 6564.374438 0 1.0010010010010010e-03
B59 0.982729 -0.216173 0 1614.112215 7337.800753 0 1.0010010010010010e-03
B60 0.228071 -0.908480 0 7552.818968 1896.111703 0 1.0010010010010010e-03
B61 0.844968 -0.489991 0 3825.428026 6596.779208 0 1.0010010010010010e-03
B62 0.360441 0.869966 0 -7175.008394 2972.721031 0 1.0010010010010010e-03
B63 0.103818 -0.949551 0 7665.571668 838.106829 0 1.0010010010010010e-03
B64 -0.467252 0.966293 0 -6549.081009 -3166.818742 0 1.0010010010010010e-03
B65 0.995407 -0.397376 0 2699.034627 6760.951768 0 1.0010010010010010e-03
B66 0.898792 0.392841 0 -3047.600361 6972.700091 0 1.0010010010010010e-03
B67 -0.013608 -0.965809 0 7667.677193 -108.036302 0 1.0010010010010010e-03
B68 0.919075 -0.311845 0 2458.062393 7244.452356 0 1.0010010010010010e-03
B69 -0.025717 1.018420 0 -7464.539389 -188.497091 0 1.0010010010010010e-03
B70 -0.909193 0.613321 0 -4024.560525 -5966.048601 0 1.0010010010010010e-03
B71 -0.124457 0.906279 0 -7806.521464 -1072.053536 0 1.0010010010010010e-03
B72 -0.237131 0.997042 0 -7242.612099 -1722.540478 0 1.0010010010010010e-03
B73 0.199404 1.002033 0 -7312.791081 1455.238762 0 1.0010010010010010e-03
B74 0.912216 0.176996 0 -1489.202962 7675.171927 0 1.0010010010010010e-03
B75 -0.019293 1.085715 0 -7231.249327 -128.495353 0 1.0010010010010010e-03
B76 0.130790 0.996941 0 -7452.141758 977.654951 0 1.0010010010010010e-03
B77 -0.927826 -0.564628 0 3759.388974 -6177.625232 0 1.0010010010010010e-03
B78 0.617706 0.859042 0 -5948.621172 4277.440848 0 1.0010010010010010e-03
B79 0.527754 0.731414 0 -6435.364368 4643.455661 0 1.0010010010010010e-03
B80 -1.065349 -0.153525 0 1036.142381 -7190.071324 0 1.0010010010010010e-03
B81 1.048231 -0.165234 0 1139.185209 7226.887033 0 1.0010010010010010e-03
B82 0.779410 0.563938 0 -4504.237462 6225.231867 0 1.0010010010010010e-03
B83 0.679239 0.771379 0 -5579.216436 4912.790703 0 1.0010010010010010e-03
B84 0.699495 0.704091 0 -5366.773344 5331.744253 0 1.0010010010010010e-03
B85 -0.911486 0.008807 0 -76.264507 -7893.482820 0 1.0010010010010010e-03
B86 0.939035 -0.155662 0 1263.297354 7620.851647 0 1.0010010010010010e-03
B87 -0.942742 0.348303 0 -2605.346503 -7051.814798 0 1.0010010010010010e-03
B88 0.945987 -0.467640 0 3251.214272 6576.860166 0 1.0010010010010010e-03
B89 1.006285 0.260432 0 -1852.123056 7156.428545 0 1.0010010010010010e-03
B90 0.739034 0.701882 0 -5140.866259 5412.984700 0 1.0010010010010010e-03
B91 0.836987 0.619830 0 -4394.945121 5934.715171 0 1.0010010010010010e-03
B92 0.480012 0.809313 0 -6682.462576 3963.437607 0 1.0010010010010010e-03
B93 0.609506 -0.756180 0 5954.013413 4799.132025 0 1.0010010010010010e-03
B94 1.012160 0.328816 0 -2257.217107 6948.155048 0 1.0010010010010010e-03
B95 0.759254 -0.552491 0 4576.191882 6288.770161 0 1.0010010010010010e-03
B96 -0.107508 -0.994637 0 7491.322472 -809.721807 0 1.0010010010010010e-03
B97 -0.464877 0.887190 0 -6670.289574 -3495.152807 0 1.0010010010010010e-03
B98 -0.177921 0.942945 0 -7560.249358 -1426.515093 0 1.0010010010010010e-03
B99 -0.734416 0.561723 0 -4761.681966 -6225.579640 0 1.0010010010010010e-03
B100 0.561272 0.797678 0 -6241.054651 4391.408158 0 1.0010010010010010e-03
B101 0.914286 0.123980 0 -1054.307341 7774.958092 0 1.0010010010010010e-03
B102 0.708670 0.795168 0 -5451.653060 4858.623196 0 1.0010010010010010e-03
B103 -1.027667 0.088967 0 -640.017101 -7392.917255 0 1.0010010010010010e-03
B104 0.845409 0.689764 0 -4561.213408 5590.445243 0 1.0010010010010010e-03
B105 -0.688575 -0.730615 0 5473.796617 -5158.830702 0 1.0010010010010010e-03
B106 -0.411999 0.950321 0 -6794.217329 -2945.540082 0 1.0010010010010010e-03
B107 -1.062408 0.024490 0 -168.482801 -7308.957090 0 1.0010010010010010e-03
B108 -0.410478 -0.882298 0 6927.025671 -3222.712794 0 1.0010010010010010e-03
B109 0.128921 -0.904045 0 7807.675577 1113.408804 0 1.0010010010010010e-03
B110 0.417726 0.995939 0 -6687.659675 2805.004291 0 1.0010010010010010e-03
B111 -0.915994 0.137860 0 -1165.407726 -7743.408058 0 1.0010010010010010e-03
B112 -0.922216 0.119708 0 -1006.014916 -7750.245030 0 1.0010010010010010e-03
B113 -0.981768 0.106270 0 -816.162541 -7540.074633 0 1.0010010010010010e-03
B114 -0.098290 1.012226 0 -7438.384212 -722.290258 0 1.0010010010010010e-03
B115 0.992671 -0.213536 0 1572.907211 7312.023526 0 1.0010010010010010e-03
B116 -1.006212 -0.402708 0 2689.904954 -6721.034453 0 1.0010010010010010e-03
B117 -0.082389 0.923999 0 -7793.976689 -694.954949 0 1.0010010010010010e-03
B118 0.072943 0.986727 0 -7556.149557 558.578959 0 1.0010010010010010e-03
B119 -0.732103 0.665997 0 -5097.817284 -5603.818536 0 1.0010010010010010e-03
B120 0.375594 0.859222 0 -7131.227388 3117.295141 0 1.0010010010010010e-03
B121 0.240938 0.901686 0 -7536.726350 2013.872466 0 1.0010010010010010e-03
B122 0.935833 0.565192 0 -3726.343308 6169.997705 0 1.0010010010010010e-03
B123 0.860166 0.671000 0 -4438.149281 5689.336921 0 1.0010010010010010e-03
B124 0.532670 -0.786555 0 6402.533770 4335.917186 0 1.0010010010010010e-03
B125 -0.756063 -0.617443 0 4824.993162 -5908.236193 0 1.0010010010010010e-03
B126 -0.820388 0.687146 0 -4678.001727 -5585.095934 0 1.0010010010010010e-03
B127 -0.580209 -0.847555 0 6136.282171 -4200.700094 0 1.0010010010010010e-03
B128 0.948300 -0.029520 0 240.747982 7733.672626 0 1.0010010010010010e-03
B129 0.801963 0.471561 0 -3960.558130 6735.544759 0 1.0010010010010010e-03
B130 -0.760950 0.530392 0 -4474.670380 -6419.776029 0 1.0010010010010010e-03
B131 0.935938 0.180533 0 -1462.042549 7579.695209 0 1.0010010010010010e-03
B132 -0.657520 -0.837896 0 5744.988077 -4508.249366 0 1.0010010010010010e-03
B133 1.031986 -0.024511 0 176.132935 7415.722775 0 1.0010010010010010e-03
B134 0.242781 0.964017 0 -7329.962903 1845.998921 0 1.0010010010010010e-03
B135 -0.575457 0.777268 0 -6159.323506 -4560.106667 0 1.0010010010010010e-03
B136 0.971172 -0.479807 0 3207.442305 6492.151047 0 1.0010010010010010e-03
B137 -0.831207 0.526012 0 -4063.500760 -6421.161115 0 1.0010010010010010e-03
B138 -0.726961 0.643315 0 -5069.287879 -5728.411782 0 1.0010010010010010e-03
B139 0.908388 -0.314837 0 2517.112669 7262.548176 0 1.0010010010010010e-03
B140 0.807792 0.476634 0 -3954.625770 6702.236270 0 1.0010010010010010e-03
B141 -1.006208 0.164273 0 -1202.651542 -7366.520191 0 1.0010010010010010e-03
B142 0.928864 0.512855 0 -3536.472026 6405.128322 0 1.0010010010010010e-03
B143 -0.934749 0.195808 0 -1581.152119 -7548.118936 0 1.0010010010010010e-03
B144 0.918705 0.039983 0 -341.715987 7851.810462 0 1.0010010010010010e-03
B145 0.814881 0.460001 0 -3829.936780 6784.648263 0 1.0010010010010010e-03
B146 0.371995 -0.947905 0 6952.404324 2728.395826 0 1.0010010010010010e-03
B147 0.576345 -0.715759 0 6123.462976 4930.752839 0 1.0010010010010010e-03
B148 0.961818 0.017340 0 -138.512892 7682.841063 0 1.0010010010010010e-03
B149 -0.325579 0.955521 0 -7100.300228 -2419.313474 0 1.0010010010010010e-03
B150 -0.356518 -0.895680 0 7131.702805 -2838.718675 0 1.0010010010010010e-03
B151 0.827965 -0.457375 0 3746.986289 6782.994403 0 1.0010010010010010e-03
B152 -0.375437 0.894050 0 -7056.568687 -2963.258839 0 1.0010010010010010e-03
B153 0.745091 -0.757270 0 5212.122550 5128.296444 0 1.0010010010010010e-03
B154 -0.381950 0.860620 0 -7099.165294 -3150.667029 0 1.0010010010010010e-03
B155 -0.644565 -0.687808 0 5664.118232 -5308.011043 0 1.0010010010010010e-03
B156 0.825819 -0.452891 0 3734.162713 6809.016519 0 1.0010010010010010e-03
B157 -0.020772 -0.918273 0 7861.795486 -177.840100 0 1.0010010010010010e-03
B158 0.359226 -1.004786 0 6870.025108 2456.139422 0 1.0010010010010010e-03
B159 1.016023 -0.261642 0 1834.895657 7125.386825 0 1.0010010010010010e-03
B160 -0.948744 -0.025012 0 203.882285 -7733.448950 0 1.0010010010010010e-03
B161 0.488941 -0.922152 0 6517.451916 3455.665590 0 1.0010010010010010e-03
B162 -0.263583 0.915459 0 -7420.162968 -2136.444862 0 1.0010010010010010e-03
B163 0.302194 0.916017 0 -7287.400301 2404.110611 0 1.0010010010010010e-03
B164 0.953314 0.140802 0 -1121.762290 7594.987388 0 1.0010010010010010e-03
B165 -0.752170 -0.717014 0 5101.212196 -5351.332737 0 1.0010010010010010e-03
B166 -0.503042 0.758579 0 -6583.521089 -4365.775264 0 1.0010010010010010e-03
B167 0.994228 0.313543 0 -2220.032612 7039.608720 0 1.0010010010010010e-03
B168 0.250113 -1.023526 0 7132.359511 1742.890739 0 1.0010010010010010e-03
B169 0.011688 0.977162 0 -7623.320564 91.183104 0 1.0010010010010010e-03
B170 -0.409689 0.833321 0 -7018.663802 -3450.610931 0 1.0010010010010010e-03
B171 -0.360151 -0.927293 0 7043.728894 -2735.713719 0 1.0010010010010010e-03
B172 0.794950 -0.657013 0 4727.820024 5720.402765 0 1.0010010010010010e-03
B173 0.661847 -0.861222 0 5733.874174 4406.469018 0 1.0010010010010010e-03
B174 -0.721896 -0.609559 0 5002.213276 -5924.080785 0 1.0010010010010010e-03
B175 0.470480 -0.881669 0 6651.293779 3549.291152 0 1.0010010010010010e-03
B176 -0.957759 0.350446 0 -2564.394226 -7008.408255 0 1.0010010010010010e-03
B177 -0.027561 1.035627 0 -7401.876400 -196.984281 0 1.0010010010010010e-03
B178 -0.735922 -0.709271 0 5173.200665 -5367.586472 0 1.0010010010010010e-03
B179 -0.766635 -0.629916 0 4803.275812 -5845.790168 0 1.0010010010010010e-03
B180 -0.959671 -0.103012 0 818.742723 -7627.486946 0 1.0010010010010010e-03
B181 -0.970400 0.218733 0 -1661.572251 -7371.509117 0 1.0010010010010010e-03
B182 -0.800444 -0.546533 0 4316.674926 -6322.140321 0 1.0010010010010010e-03
B183 0.314128 0.849081 0 -7428.753020 2748.360962 0 1.0010010010010010e-03
B184 0.847713 0.415891 0 -3416.115228 6963.083811 0 1.0010010010010010e-03
B185 0.812086 -0.545153 0 4247.359652 6327.072639 0 1.0010010010010010e-03
B186 -0.191067 -0.913755 0 7635.196263 -1596.525090 0 1.0010010010010010e-03
B187 -0.854504 0.502163 0 -3835.492413 -6526.648400 0 1.0010010010010010e-03
B188 -0.055962 -1.001104 0 7514.815329 -420.081121 0 1.0010010010010010e-03
B189 0.543842 0.841521 0 -6323.597829 4086.690372 0 1.0010010010010010e-03
B190 0.939457 0.440830 0 -3142.754977 6697.558548 0 1.0010010010010010e-03
B191 -0.407521 0.906886 0 -6894.284608 -3098.037414 0 1.0010010010010010e-03
B192 0.129952 1.001932 0 -7435.690222 964.418508 0 1.0010010010010010e-03
B193 0.679226 0.845182 0 -5641.667969 4533.895490 0 1.0010010010010010e-03
B194 0.936026 -0.230659 0 1836.587684 7452.949604 0 1.0010010010010010e-03
B195 -0.308139 -0.985502 0 7078.865855 -2213.365950 0 1.0010010010010010e-03
B196 -0.967520 0.225167 0 -1713.993834 -7364.846816 0 1.0010010010010010e-03
B197 -0.596334 -0.789192 0 6045.840948 -4568.394152 0 1.0010010010010010e-03
B198 -0.823186 -0.612137 0 4440.210132 -5971.079712 0 1.0010010010010010e-03
B199 -0.964815 -0.178732 0 1385.862523 -7481.034752 0 1.0010010010010010e-03
B200 -0.971467 -0.212538 0 1615.252379 -7382.971697 0 1.0010010010010010e-03
B201 0.807894 -0.490351 0 4022.467819 6627.351507 0 1.0010010010010010e-03
B202 -0.317823 -0.912426 0 7240.602428 -2522.098449 0 1.0010010010010010e-03
B203 0.759769 -0.500783 0 4347.983360 6596.601985 0 1.0010010010010010e-03
B204 0.914311 -0.020011 0 172.444657 7879.002086 0 1.0010010010010010e-03
B205 -0.979188 -0.418676 0 2871.202217 -6715.095487 0 1.0010010010010010e-03
B206 -1.034391 0.101089 0 -719.044273 -7357.591823 0 1.0010010010010010e-03
B207 -0.909918 -0.165232 0 1400.223817 -7710.911324 0 1.0010010010010010e-03
B208 0.698991 -0.766263 0 5467.252448 4987.271307 0 1.0010010010010010e-03
B209 0.438154 -0.803277 0 6916.790964 3772.821399 0 1.0010010010010010e-03
B210 -0.730542 0.815142 0 -5364.440750 -4807.689862 0 1.0010010010010010e-03
B211 0.092919 -1.001766 0 7481.707492 693.964437 0 1.0010010010010010e-03
B212 -0.774128 0.630573 0 -4763.454013 -5847.892377 0 1.0010010010010010e-03
B213 -0.770868 0.598067 0 -4677.059097 -6028.418267 0 1.0010010010010010e-03
B214 -0.907170 -0.374063 0 2900.277962 -7033.694298 0 1.0010010010010010e-03
B215 0.090565 -1.062027 0 7273.549713 620.254923 0 1.0010010010010010e-03
B216 -0.164550 -0.923615 0 7660.390057 -1364.763821 0 1.0010010010010010e-03
B217 -0.068212 -1.064353 0 7282.765544 -466.738845 0 1.0010010010010010e-03
B218 -0.076555 0.908629 0 -7864.603761 -662.621783 0 1.0010010010010010e-03
B219 -0.311992 -0.901519 0 7291.903517 -2523.534473 0 1.0010010010010010e-03
B220 0.719752 -0.700196 0 5244.398485 5390.873131 0 1.0010010010010010e-03
B221 0.558570 -0.876350 0 6234.290696 3973.625422 0 1.0010010010010010e-03
B222 -0.755998 -0.767896 0 5173.652350 -5093.488957 0 1.0010010010010010e-03
B223 0.820210 -0.480773 0 3908.670620 6668.274057 0 1.0010010010010010e-03
B224 -1.064952 -0.017637 0 120.927378 -7301.628765 0 1.0010010010010010e-03
B225 -1.047309 0.057277 0 -401.855723 -7347.911913 0 1.0010010010010010e-03
B226 -0.058214 0.919888 0 -7834.382627 -495.787160 0 1.0010010010010010e-03
B227 -0.525544 -0.862437 0 6404.030248 -3902.429322 0 1.0010010010010010e-03
B228 -0.827702 -0.406437 0 3459.359572 -7044.919598 0 1.0010010010010010e-03
B229 0.757847 0.496943 0 -4341.206089 6620.422513 0 1.0010010010010010e-03
B230 0.877039 -0.304265 0 2563.783349 7390.056109 0 1.0010010010010010e-03
B231 0.467229 0.961397 0 -6556.317123 3186.304346 0 1.0010010010010010e-03
B232 0.938410 -0.555593 0 3676.742448 6210.105169 0 1.0010010010010010e-03
B233 0.951648 0.244709 0 -1893.449555 7363.440078 0 1.0010010010010010e-03
B234 -0.370812 -0.961420 0 6927.016245 -2671.694141 0 1.0010010010010010e-03
B235 0.028040 1.050391 0 -7349.649237 196.194619 0 1.0010010010010010e-03
B236 1.025171 0.003043 0 -22.097375 7443.428809 0 1.0010010010010010e-03
B237 0.881095 0.209043 0 -1828.261359 7705.940678 0 1.0010010010010010e-03
B238 -0.744197 0.628125 0 -4925.915582 -5836.178652 0 1.0010010010010010e-03
B239 -0.993574 -0.090406 0 683.727773 -7514.296932 0 1.0010010010010010e-03
B240 0.737634 0.810997 0 -5324.930086 4843.234858 0 1.0010010010010010e-03
B241 -0.942583 -0.012276 0 101.084018 -7761.740910 0 1.0010010010010010e-03
B242 0.065031 0.918271 0 -7835.364195 554.891801 0 1.0010010010010010e-03
B243 -0.105588 -0.980190 0 7546.772212 -812.951482 0 1.0010010010010010e-03
B244 -0.752351 -0.554040 0 4623.358265 -6278.227071 0 1.0010010010010010e-03
B245 -0.280109 1.044249 0 -7000.684071 -1877.863668 0 1.0010010010010010e-03
B246 0.268897 -0.974863 0 7224.674426 1992.782580 0 1.0010010010010010e-03
B247 -0.601081 -0.891593 0 6026.370310 -4062.771600 0 1.0010010010010010e-03
B248 -1.003134 -0.031015 0 232.482198 -7519.406140 0 1.0010010010010010e-03
B249 0.223670 1.037767 0 -7150.466097 1541.142445 0 1.0010010010010010e-03
B250 0.720434 -0.770601 0 5360.136192 5011.187879 0 1.0010010010010010e-03
B251 -0.785008 -0.494878 0 4172.216340 -6618.233632 0 1.0010010010010010e-03
B252 0.380641 -0.951412 0 6912.391639 2765.512905 0 1.0010010010010010e-03
B253 -0.963772 0.355666 0 -2574.349685 -6975.889027 0 1.0010010010010010e-03
B254 -0.692753 -0.731339 0 5451.539875 -5163.916088 0 1.0010010010010010e-03
B255 -0.608670 0.898891 0 -5989.470661 -4055.674126 0 1.0010010010010010e-03
B256 -0.203747 0.905684 0 -7631.413030 -1716.798828 0 1.0010010010010010e-03
B257 -0.895403 0.309884 0 -2532.202425 -7316.733434 0 1.0010010010010010e-03
B258 0.992391 0.163560 0 -1222.073288 7414.863066 0 1.0010010010010010e-03
B259 0.456476 0.930302 0 -6646.545109 3261.290683 0 1.0010010010010010e-03
B260 -0.302297 0.913057 0 -7295.345827 -2415.358910 0 1.0010010010010010e-03
B261 -0.918534 -0.383474 0 2910.279807 -6970.985514 0 1.0010010010010010e-03
B262 0.964582 0.049228 0 -390.870054 7658.740210 0 1.0010010010010010e-03
B263 0.385931 -0.860823 0 7080.446295 3174.357650 0 1.0010010010010010e-03
B264 -1.017566 0.105605 0 -769.175059 -7411.453622 0 1.0010010010010010e-03
B265 -1.064522 -0.064254 0 439.700016 -7284.710591 0 1.0010010010010010e-03
B266 -0.241859 0.967899 0 -7320.330267 -1829.208623 0 1.0010010010010010e-03
B267 0.100778 -0.950803 0 7664.608883 812.394737 0 1.0010010010010010e-03
B268 0.880866 0.206561 0 -1808.932798 7714.062716 0 1.0010010010010010e-03
B269 -0.650696 0.644255 0 -5541.359800 -5596.763077 0 1.0010010010010010e-03
B270 -0.788396 -0.569484 0 4474.851449 -6195.003873 0 1.0010010010010010e-03
B271 -0.722885 0.616154 0 -5016.296575 -5885.225633 0 1.0010010010010010e-03
B272 -0.971242 0.136951 0 -1062.513117 -7535.252356 0 1.0010010010010010e-03
B273 0.178343 -1.050130 0 7199.313347 1222.654243 0 1.0010010010010010e-03
B274 0.407388 0.919048 0 -6871.844223 3046.097632 0 1.0010010010010010e-03
B275 -0.417939 0.943722 0 -6782.956862 -3003.919007 0 1.0010010010010010e-03
B276 -1.020954 0.078915 0 -573.962279 -7425.589329 0 1.0010010010010010e-03
B277 0.269582 -0.940582 0 7324.219230 2099.203998 0 1.0010010010010010e-03
B278 0.348324 -0.892038 0 7173.956654 2801.291029 0 1.0010010010010010e-03
B279 -0.547433 -0.795333 0 6317.982079 -4348.706707 0 1.0010010010010010e-03
B280 -0.777066 0.765298 0 -5063.819552 -5141.680334 0 1.0010010010010010e-03
B281 -0.860506 -0.350719 0 2950.845239 -7240.039668 0 1.0010010010010010e-03
B282 -0.986955 -0.433645 0 2919.899826 -6645.552309 0 1.0010010010010010e-03
B283 0.476069 -0.804309 0 6708.562047 3970.785396 0 1.0010010010010010e-03
B284 0.326924 1.040748 0 -6884.141493 2162.476484 0 1.0010010010010010e-03
B285 -0.424780 -0.986943 0 6678.398125 -2874.380435 0 1.0010010010010010e-03
B286 -0.981779 -0.079254 0 611.026045 -7569.227351 0 1.0010010010010010e-03
B287 0.680271 0.818378 0 -5618.187386 4670.080542 0 1.0010010010010010e-03
B288 0.610798 0.795935 0 -5969.161720 4580.718789 0 1.0010010010010010e-03
B289 0.886283 -0.201250 0 1750.548813 7709.246492 0 1.0010010010010010e-03
B290 0.332761 -1.030489 0 6891.989563 2225.532934 0 1.0010010010010010e-03
B291 1.009768 -0.268562 0 1895.067667 7125.268124 0 1.0010010010010010e-03
B292 0.868521 -0.349928 0 2910.622745 7224.155318 0 1.0010010010010010e-03
B293 -0.832307 -0.518722 0 4025.247134 -6458.646722 0 1.0010010010010010e-03
B294 -0.781387 -0.722500 0 4959.780588 -5364.029056 0 1.0010010010010010e-03
B295 1.065679 -0.242685 0 1600.699087 7028.981888 0 1.0010010010010010e-03
B296 -0.122005 -0.967296 0 7572.748755 -955.150004 0 1.0010010010010010e-03
B297 -0.112334 -1.005117 0 7447.705177 -832.370437 0 1.0010010010010010e-03
B298 0.986059 0.103590 0 -790.790389 7527.445852 0 1.0010010010010010e-03
B299 0.377252 -0.997554 0 6825.998895 2581.437813 0 1.0010010010010010e-03
B300 -0.388180 0.973959 0 -6837.283071 -2725.062516 0 1.0010010010010010e-03
B301 -0.404321 0.871119 0 -6975.719812 -3237.713790 0 1.0010010010010010e-03
B302 0.887296 0.427141 0 -3294.216514 6843.055925 0 1.0010010010010010e-03
B303 -0.738063 0.749942 0 -5236.567982 -5153.626880 0 1.0010010010010010e-03
B304 1.052155 0.170831 0 -1169.894986 7205.412527 0 1.0010010010010010e-03
B305 0.246190 1.005223 0 -7195.638756 1762.290189 0 1.0010010010010010e-03
B306 0.714321 -0.583977 0 4966.084704 6074.516328 0 1.0010010010010010e-03
B307 -0.923203 0.195429 0 -1606.713878 -7590.098992 0 1.0010010010010010e-03
B308 0.534867 0.906062 0 -6327.212103 3735.081741 0 1.0010010010010010e-03
B309 -0.573924 0.698173 0 -6124.024231 -5034.171179 0 1.0010010010010010e-03
B310 -0.980019 0.333278 0 -2384.969559 -7013.115912 0 1.0010010010010010e-03
B311 -0.281339 1.044978 0 -6995.637098 -1883.431836 0 1.0010010010010010e-03
B312 -0.740252 0.611012 0 -4896.885023 -5932.663861 0 1.0010010010010010e-03
B313 -0.811226 -0.646171 0 4610.795204 -5788.562053 0 1.0010010010010010e-03
B314 -0.443963 0.800281 0 -6889.020674 -3821.748661 0 1.0010010010010010e-03
B315 0.560109 0.709077 0 -6221.506694 4914.446167 0 1.0010010010010010e-03
B316 -0.077699 0.923047 0 -7803.016344 -656.832501 0 1.0010010010010010e-03
B317 0.673574 -0.822505 0 5655.118141 4631.142462 0 1.0010010010010010e-03
B318 0.933219 0.207856 0 -1675.678848 7523.360022 0 1.0010010010010010e-03
B319 -0.702375 -0.638236 0 5202.706611 -5725.542254 0 1.0010010010010010e-03
B320 -0.900891 0.317226 0 -2561.310130 -7273.871357 0 1.0010010010010010e-03
B321 0.895370 0.431389 0 -3281.303495 6810.519775 0 1.0010010010010010e-03
B322 1.080568 0.186892 0 -1226.552356 7091.652127 0 1.0010010010010010e-03
B323 -0.541003 0.890360 0 -6310.153911 -3834.189326 0 1.0010010010010010e-03
B324 -0.889899 -0.510041 0 3700.394788 -6456.303727 0 1.0010010010010010e-03
B325 -0.939976 -0.164945 0 1333.394174 -7598.665402 0 1.0010010010010010e-03
B326 -0.634687 0.865539 0 -5866.452125 -4301.782939 0 1.0010010010010010e-03
B327 0.726440 -0.534267 0 4702.208904 6393.571170 0 1.0010010010010010e-03
B328 -1.051323 -0.186273 0 1272.485974 -7181.879090 0 1.0010010010010010e-03
B329 -0.769181 0.591329 0 -4663.412340 -6066.016626 0 1.0010010010010010e-03
B330 0.673661 0.827825 0 -5658.319018 4604.584136 0 1.0010010010010010e-03
B331 -0.224799 0.942461 0 -7447.646602 -1776.433282 0 1.0010010010010010e-03
B332 -0.047995 -0.923360 0 7827.261163 -406.853577 0 1.0010010010010010e-03
B333 -0.943605 0.306401 0 -2336.834681 -7196.610025 0 1.0010010010010010e-03
B334 0.904365 -0.237311 0 1978.275522 7538.978825 0 1.0010010010010010e-03
B335 -0.835699 0.409199 0 -3435.830011 -7016.930471 0 1.0010010010010010e-03
B336 -0.998957 -0.400265 0 2702.119296 -6743.784476 0 1.0010010010010010e-03
B337 0.817105 -0.565801 0 4303.669516 6215.171059 0 1.0010010010010010e-03
B338 0.864216 0.595599 0 -4174.535841 6057.261434 0 1.0010010010010010e-03
B339 1.035619 -0.350577 0 2311.106233 6827.097299 0 1.0010010010010010e-03
B340 0.729857 0.658386 0 -5091.743902 5644.483355 0 1.0010010010010010e-03
B341 0.570293 -0.794076 0 6191.046782 4446.314198 0 1.0010010010010010e-03
B342 -0.885204 0.293964 0 -2459.398709 -7405.896225 0 1.0010010010010010e-03
B343 -0.958883 0.271506 0 -2056.765926 -7263.926757 0 1.0010010010010010e-03
B344 -0.075002 0.961145 0 -7652.481560 -597.154574 0 1.0010010010010010e-03
B345 -0.103006 -0.898438 0 7873.655577 -902.717246 0 1.0010010010010010e-03
B346 0.912822 0.406803 0 -3068.821727 6886.098430 0 1.0010010010010010e-03
B347 0.028661 -0.927922 0 7818.220666 241.480618 0 1.0010010010010010e-03
B348 0.999260 0.006936 0 -52.332366 7539.096065 0 1.0010010010010010e-03
B349 -0.037061 0.939308 0 -7767.183214 -306.457951 0 1.0010010010010010e-03
B350 -0.933598 0.398096 0 -2934.316873 -6881.436152 0 1.0010010010010010e-03
B351 -0.790563 -0.573611 0 4478.407595 -6172.239428 0 1.0010010010010010e-03
B352 -0.707280 0.601951 0 -5068.529212 -5955.418071 0 1.0010010010010010e-03
B353 0.896030 0.290826 0 -2397.173734 7385.653187 0 1.0010010010010010e-03
B354 0.644781 -0.665854 0 5623.658531 5445.680629 0 1.0010010010010010e-03
B355 -0.932768 -0.331292 0 2535.295908 -7138.239804 0 1.0010010010010010e-03
B356 -0.862602 0.647325 0 -4355.922325 -5804.550668 0 1.0010010010010010e-03
B357 1.076785 0.158106 0 -1049.493802 7147.627482 0 1.0010010010010010e-03
B358 0.995914 0.126636 0 -948.796166 7461.720283 0 1.0010010010010010e-03
B359 0.791020 0.719335 0 -4903.726703 5392.407415 0 1.0010010010010010e-03
B360 -0.937655 -0.565907 0 3721.204721 -6165.682943 0 1.0010010010010010e-03
B361 0.023777 -1.060581 0 7315.407930 164.004662 0 1.0010010010010010e-03
B362 -0.972135 0.449285 0 -3055.278309 -6610.825176 0 1.0010010010010010e-03
B363 -0.898275 -0.631794 0 4137.350632 -5882.426685 0 1.0010010010010010e-03
B364 -1.008808 0.089718 0 -663.400353 -7459.397390 0 1.0010010010010010e-03
B365 -0.833578 0.602094 0 -4351.793975 -6024.907023 0 1.0010010010010010e-03
B366 0.961247 0.392070 0 -2793.572704 6849.065899 0 1.0010010010010010e-03
B367 1.020868 -0.212728 0 1505.568041 7225.108308 0 1.0010010010010010e-03
B368 -0.775378 -0.457416 0 4035.941501 -6841.429659 0 1.0010010010010010e-03
B369 -0.905552 0.412491 0 -3131.883975 -6875.498262 0 1.0010010010010010e-03
B370 -0.808964 -0.411590 0 3587.243149 -7050.591560 0 1.0010010010010010e-03
B371 -0.332132 0.875217 0 -7282.730402 -2763.686278 0 1.0010010010010010e-03
B372 -0.198015 0.879080 0 -7745.311909 -1744.648480 0 1.0010010010010010e-03
B373 0.850234 -0.532565 0 3994.193365 6376.679670 0 1.0010010010010010e-03
B374 -0.803665 -0.491548 0 4051.490579 -6624.059827 0 1.0010010010010010e-03
B375 -0.478222 -0.879549 0 6617.362239 -3597.948531 0 1.0010010010010010e-03
B376 -0.935731 -0.379567 0 2819.158179 -6949.963437 0 1.0010010010010010e-03
B377 -0.914600 0.243708 0 -1994.593686 -7485.406225 0 1.0010010010010010e-03
B378 -0.810078 0.484346 0 -3980.961869 -6658.241361 0 1.0010010010010010e-03
B379 0.017290 -0.961292 0 7684.952395 138.221166 0 1.0010010010010010e-03
B380 -0.943739 -0.417820 0 3003.203495 -6783.401917 0 1.0010010010010010e-03
B381 -0.913763 0.055755 0 -479.732564 -7862.250119 0 1.0010010010010010e-03
B382 0.520987 0.826170 0 -6450.412967 4067.668994 0 1.0010010010010010e-03
B383 0.576586 -0.904480 0 6136.178482 3911.680698 0 1.0010010010010010e-03
B384 -0.840934 0.636746 0 -4429.775828 -5850.288690 0 1.0010010010010010e-03
B385 -0.695196 0.703516 0 -5390.346862 -5326.599954 0 1.0010010010010010e-03
B386 0.792597 0.666465 0 -4766.377578 5668.436744 0 1.0010010010010010e-03
B387 0.839163 -0.487749 0 3844.148699 6613.781423 0 1.0010010010010010e-03
B388 -0.902433 0.443987 0 -3317.543315 -6743.129725 0 1.0010010010010010e-03
B389 0.659687 0.739803 0 -5649.917589 5038.073832 0 1.0010010010010010e-03
B390 0.917502 -0.437987 0 3220.012582 6745.331183 0 1.0010010010010010e-03
B391 0.528658 0.906565 0 -6355.242832 3706.021583 0 1.0010010010010010e-03
B392 -0.442215 -0.903029 0 6750.057943 -3305.519472 0 1.0010010010010010e-03
B393 -0.620776 -0.676020 0 5794.396459 -5320.880142 0 1.0010010010010010e-03
B394 0.101283 -0.939163 0 7709.699270 831.442015 0 1.0010010010010010e-03
B395 0.207839 1.040461 0 -7174.912903 1433.237532 0 1.0010010010010010e-03
B396 -0.971392 0.459632 0 -3109.469744 -6571.592105 0 1.0010010010010010e-03
B397 -0.342549 -0.931421 0 7100.374394 -2611.304942 0 1.0010010010010010e-03
B398 0.617131 -0.722509 0 5878.935632 5021.489996 0 1.0010010010010010e-03
B399 -0.903191 -0.310086 0 2504.340287 -7294.421773 0 1.0010010010010010e-03
B400 -0.262435 -1.031353 0 7080.032396 -1801.565737 0 1.0010010010010010e-03
B401 -0.321110 -0.922744 0 7201.123609 -2505.951430 0 1.0010010010010010e-03
B402 0.094652 -0.909878 0 7837.483243 815.312250 0 1.0010010010010010e-03
B403 -1.063911 0.048849 0 -334.954861 -7295.174081 0 1.0010010010010010e-03
B404 -0.540584 0.747207 0 -6358.292928 -4600.052343 0 1.0010010010010010e-03
B405 0.869399 -0.393529 0 3181.354244 7028.372672 0 1.0010010010010010e-03
B406 -0.233953 -1.054771 0 7078.677899 -1570.086036 0 1.0010010010010010e-03
B407 1.018424 -0.075819 0 553.680437 7437.202318 0 1.0010010010010010e-03
B408 0.973493 -0.097457 0 758.996664 7581.577830 0 1.0010010010010010e-03
B409 0.561583 0.877659 0 -6219.126569 3979.398106 0 1.0010010010010010e-03
B410 -0.473642 0.952671 0 -6542.680080 -3252.842177 0 1.0010010010010010e-03
B411 0.802868 -0.663361 0 4703.904703 5693.149344 0 1.0010010010010010e-03
B412 0.262944 -0.931509 0 7372.403570 2081.063465 0 1.0010010010010010e-03
B413 -0.959590 -0.227869 0 1753.327335 -7383.516820 0 1.0010010010010010e-03
B414 -0.999974 -0.324762 0 2270.356636 -6990.653908 0 1.0010010010010010e-03
B415 -1.045867 -0.264259 0 1777.588164 -7035.227640 0 1.0010010010010010e-03
B416 0.168307 -0.905457 0 7721.045912 1435.195478 0 1.0010010010010010e-03
B417 -0.846032 -0.619866 0 4349.372697 -5936.290309 0 1.0010010010010010e-03
B418 -0.413831 0.837603 0 -6990.579559 -3453.808185 0 1.0010010010010010e-03
B419 0.220477 -0.885805 0 7654.672921 1905.246689 0 1.0010010010010010e-03
B420 0.882786 0.653482 0 -4278.610510 5779.959238 0 1.0010010010010010e-03
B421 1.069548 0.233287 0 -1535.059279 7037.772259 0 1.0010010010010010e-03
B422 0.038794 0.989500 0 -7567.734552 296.699465 0 1.0010010010010010e-03
B423 -0.674213 0.783584 0 -5618.993340 -4834.704096 0 1.0010010010010010e-03
B424 0.909545 -0.540336 0 3742.373034 6299.516131 0 1.0010010010010010e-03
B425 0.927430 -0.105280 0 879.885999 7751.093525 0 1.0010010010010010e-03
B426 -0.506234 0.930337 0 -6432.474238 -3500.168137 0 1.0010010010010010e-03
B427 -0.634035 0.664269 0 -5689.179601 -5430.237134 0 1.0010010010010010e-03
B428 -0.993861 0.349016 0 -2433.061459 -6928.405070 0 1.0010010010010010e-03
B429 0.518451 0.926430 0 -6383.008293 3572.071458 0 1.0010010010010010e-03
B430 -0.913024 -0.255833 0 2088.279070 -7452.697975 0 1.0010010010010010e-03
B431 -0.933717 0.380525 0 -2832.605903 -6950.534315 0 1.0010010010010010e-03
B432 -0.722919 0.636700 0 -5075.145511 -5762.399803 0 1.0010010010010010e-03
B433 -0.870147 0.355889 0 -2942.513844 -7194.434557 0 1.0010010010010010e-03
B434 0.719904 -0.629306 0 5072.517673 5802.788372 0 1.0010010010010010e-03
B435 0.730125 -0.724619 0 5234.459099 5274.233609 0 1.0010010010010010e-03
B436 -0.437481 0.970562 0 -6659.103727 -3001.589134 0 1.0010010010010010e-03
B437 -0.660992 -0.779388 0 5685.799569 -4822.075021 0 1.0010010010010010e-03
B438 1.084190 -0.023947 0 159.814205 7235.401784 0 1.0010010010010010e-03
B439 0.950014 -0.510448 0 3434.922454 6392.872347 0 1.0010010010010010e-03
B440 -0.985617 -0.173794 0 1308.199974 -7419.024479 0 1.0010010010010010e-03
B441 1.069661 0.238937 0 -1569.379621 7025.724105 0 1.0010010010010010e-03
B442 0.766539 -0.744857 0 5080.249217 5228.133157 0 1.0010010010010010e-03
B443 0.774006 0.759524 0 -5068.978558 5165.635140 0 1.0010010010010010e-03
B444 -0.863251 -0.361597 0 3009.799009 -7185.386073 0 1.0010010010010010e-03
B445 -0.818040 0.407462 0 -3514.892151 -7056.676385 0 1.0010010010010010e-03
B446 -0.813932 0.460677 0 -3838.604609 -6782.108829 0 1.0010010010010010e-03
B447 0.177314 0.950180 0 -7535.661279 1406.236038 0 1.0010010010010010e-03
B448 -0.989512 0.034760 0 -265.899914 -7569.409604 0 1.0010010010010010e-03
B449 0.951105 0.096475 0 -777.880642 7668.768166 0 1.0010010010010010e-03
B450 1.002943 0.271366 0 -1931.091087 7137.122772 0 1.0010010010010010e-03
B451 -1.046120 0.138275 0 -961.397019 -7273.474165 0 1.0010010010010010e-03
B452 0.995538 0.122633 0 -920.006156 7468.609692 0 1.0010010010010010e-03
B453 -0.898359 -0.526690 0 3735.265025 -6371.132021 0 1.0010010010010010e-03
B454 0.845660 0.596615 0 -4270.695745 6053.414397 0 1.0010010010010010e-03
B455 -0.963175 0.101438 0 -802.089620 -7616.032418 0 1.0010010010010010e-03
B456 -0.781082 -0.565647 0 4501.338038 -6215.737918 0 1.0010010010010010e-03
B457 -0.727130 0.561895 0 -4807.301074 -6220.967294 0 1.0010010010010010e-03
B458 0.646106 -0.655725 0 5595.239994 5513.159577 0 1.0010010010010010e-03
B459 -0.727171 0.708176 0 -5219.097392 -5359.085492 0 1.0010010010010010e-03
B460 -0.509325 -0.873775 0 6474.413404 -3773.948000 0 1.0010010010010010e-03
B461 -1.006714 -0.337923 0 2327.326547 -6933.383039 0 1.0010010010010010e-03
B462 0.901070 -0.400660 0 3083.523672 6934.743803 0 1.0010010010010010e-03
B463 -0.914737 -0.005668 0 48.826532 -7879.769962 0 1.0010010010010010e-03
B464 -0.876107 -0.589353 0 4093.763538 -6085.612670 0 1.0010010010010010e-03
B465 0.929858 0.421819 0 -3081.216885 6792.236254 0 1.0010010010010010e-03
B466 -0.802483 -0.540975 0 4282.274904 -6352.326031 0 1.0010010010010010e-03
B467 -0.755407 0.507874 0 -4407.385071 -6555.504258 0 1.0010010010010010e-03
B468 0.910178 -0.541443 0 3744.147952 6293.996683 0 1.0010010010010010e-03
B469 0.120482 0.976731 0 -7539.940672 930.071130 0 1.0010010010010010e-03
B470 -0.919991 0.164971 0 -1375.933462 -7673.151397 0 1.0010010010010010e-03
B471 0.583417 0.896696 0 -6107.660899 3973.826653 0 1.0010010010010010e-03
B472 0.283468 -0.857084 0 7530.960614 2490.758890 0 1.0010010010010010e-03
B473 -0.058176 1.045859 0 -7352.438017 -408.979286 0 1.0010010010010010e-03
B474 -1.071919 -0.176404 0 1174.182649 -7134.919798 0 1.0010010010010010e-03
B475 -0.367776 0.826173 0 -7240.214657 -3223.025331 0 1.0010010010010010e-03
B476 0.933689 -0.465939 0 3294.352239 6601.504740 0 1.0010010010010010e-03
B477 -0.073114 -1.035289 0 7379.429956 -521.147819 0 1.0010010010010010e-03
B478 0.606574 -0.710696 0 5930.474885 5061.621484 0 1.0010010010010010e-03
B479 -0.908603 0.175744 0 -1487.753327 -7691.720293 0 1.0010010010010010e-03
B480 -0.651893 0.859512 0 -5781.467236 -4384.931067 0 1.0010010010010010e-03
B481 -0.505334 -0.783515 0 6559.335797 -4230.494748 0 1.0010010010010010e-03
B482 0.878237 -0.241946 0 2097.239185 7612.737274 0 1.0010010010010010e-03
B483 0.287224 0.924778 0 -7314.077706 2271.652814 0 1.0010010010010010e-03
B484 0.124705 0.909939 0 -7791.249152 1067.771225 0 1.0010010010010010e-03
B485 0.316496 -0.934911 0 7185.366798 2432.465662 0 1.0010010010010010e-03
B486 -0.978860 0.354162 0 -2513.192701 -6946.142127 0 1.0010010010010010e-03
B487 0.932121 0.123584 0 -1021.531565 7704.813476 0 1.0010010010010010e-03
B488 0.868643 -0.342072 0 2858.058016 7257.628612 0 1.0010010010010010e-03
B489 0.955558 0.449639 0 -3122.511040 6635.862191 0 1.0010010010010010e-03
B490 -0.873156 0.595732 0 -4131.410519 -6055.348527 0 1.0010010010010010e-03
B491 0.103442 -0.957962 0 7633.506746 824.275320 0 1.0010010010010010e-03
B492 0.639780 0.805720 0 -5818.877987 4620.463391 0 1.0010010010010010e-03
B493 0.636864 0.833088 0 -5846.952930 4469.774092 0 1.0010010010010010e-03
B494 -0.879273 0.400326 0 -3177.190592 -6978.362810 0 1.0010010010010010e-03
B495 0.064176 1.080665 0 -7230.727583 429.403985 0 1.0010010010010010e-03
B496 0.555854 -0.723506 0 6256.818275 4806.979099 0 1.0010010010010010e-03
B497 0.504734 -0.787248 0 6560.848409 4206.403121 0 1.0010010010010010e-03
B498 0.877535 0.315065 0 -2637.455709 7345.962435 0 1.0010010010010010e-03
B499 -0.331327 -0.878661 0 7277.121908 -2744.068053 0 1.0010010010010010e-03
B500 0.836131 -0.628253 0 4426.904794 5891.692794 0 1.0010010010010010e-03
B501 -0.088144 -0.932551 0 7752.483624 -732.758745 0 1.0010010010010010e-03
B502 -0.906417 0.240835 0 -1998.402343 -7521.263648 0 1.0010010010010010e-03
B503 -0.868579 -0.245846 0 2160.335528 -7632.510454 0 1.0010010010010010e-03
B504 0.908597 -0.023814 0 207.118474 7902.505108 0 1.0010010010010010e-03
B505 -0.234761 -0.884082 0 7616.126654 -2022.399351 0 1.0010010010010010e-03
B506 -1.031588 -0.060317 0 432.754327 -7401.323909 0 1.0010010010010010e-03
B507 0.687400 0.582280 0 -5132.304398 6058.839960 0 1.0010010010010010e-03
B508 0.703457 -0.825362 0 5507.984840 4694.457383 0 1.0010010010010010e-03
B509 -0.195679 0.952469 0 -7486.577299 -1538.069632 0 1.0010010010010010e-03
B510 0.047708 1.007622 0 -7495.419157 354.888459 0 1.0010010010010010e-03
B511 -0.223376 1.037174 0 -7152.864826 -1540.511699 0 1.0010010010010010e-03
B512 0.009563 -0.959357 0 7693.990120 76.697228 0 1.0010010010010010e-03
B513 -0.654525 0.835796 0 -5758.955699 -4509.927907 0 1.0010010010010010e-03
B514 0.868703 -0.508927 0 3796.759628 6480.806698 0 1.0010010010010010e-03
B515 0.844361 0.404166 0 -3363.149643 7026.098839 0 1.0010010010010010e-03
B516 1.005130 0.260219 0 -1853.739008 7160.318411 0 1.0010010010010010e-03
B517 0.745932 0.777370 0 -5239.099173 5027.223198 0 1.0010010010010010e-03
B518 0.702802 0.814689 0 -5501.527054 4745.965283 0 1.0010010010010010e-03
B519 0.331716 0.877011 0 -7279.802004 2753.470140 0 1.0010010010010010e-03
B520 1.067769 -0.184453 0 1232.443053 7134.405120 0 1.0010010010010010e-03
B521 -0.676443 -0.622622 0 5323.117937 -5783.262862 0 1.0010010010010010e-03
B522 0.755250 -0.503226 0 4386.666831 6583.579202 0 1.0010010010010010e-03
B523 -0.822873 0.485761 0 -3919.347994 -6639.327120 0 1.0010010010010010e-03
B524 -0.148175 0.897023 0 -7798.368868 -1288.179557 0 1.0010010010010010e-03
B525 -0.499767 -0.777973 0 6594.176209 -4236.077853 0 1.0010010010010010e-03
B526 0.918186 -0.200276 0 1656.791107 7595.729450 0 1.0010010010010010e-03
B527 -0.963547 -0.383274 0 2735.458144 -6876.907319 0 1.0010010010010010e-03
B528 -0.388237 -0.932505 0 6922.795321 -2882.221850 0 1.0010010010010010e-03
B529 0.938892 -0.256688 0 2014.546845 7368.641591 0 1.0010010010010010e-03
B530 0.487161 -0.845722 0 6610.410330 3807.795296 0 1.0010010010010010e-03
B531 0.263189 -1.065993 0 6982.702361 1723.997408 0 1.0010010010010010e-03
B532 -1.046627 -0.143695 0 997.342063 -7264.333240 0 1.0010010010010010e-03
B533 -0.216185 1.051351 0 -7125.436387 -1465.172278 0 1.0010010010010010e-03
B534 0.668693 0.640771 0 -5418.277148 5654.380963 0 1.0010010010010010e-03
B535 -0.092090 1.063772 0 -7266.377573 -629.047307 0 1.0010010010010010e-03
B536 -0.998641 0.183824 0 -1353.969915 -7355.559687 0 1.0010010010010010e-03
B537 -0.330974 1.036281 0 -6883.303278 -2198.435276 0 1.0010010010010010e-03
B538 -0.495409 -0.857097 0 6557.972623 -3790.561645 0 1.0010010010010010e-03
B539 0.939587 0.017596 0 -145.565391 7773.049758 0 1.0010010010010010e-03
B540 -1.047996 0.019403 0 -136.264484 -7360.083527 0 1.0010010010010010e-03
B541 0.412617 -0.996501 0 6704.899259 2776.269640 0 1.0010010010010010e-03
B542 0.579100 0.826134 0 -6144.129483 4306.888619 0 1.0010010010010010e-03
B543 0.921617 0.015718 0 -133.863397 7848.816373 0 1.0010010010010010e-03
B544 -0.000236 1.076458 0 -7263.994512 -1.589407 0 1.0010010010010010e-03
B545 0.509649 0.877071 0 -6469.920023 3759.541441 0 1.0010010010010010e-03
B546 0.840302 -0.657633 0 4496.582066 5745.588666 0 1.0010010010010010e-03
B547 0.653788 0.661326 0 -5557.845924 5494.496054 0 1.0010010010010010e-03
B548 0.671527 0.699936 0 -5521.907863 5297.782662 0 1.0010010010010010e-03
B549 0.873959 0.379780 0 -3077.005657 7080.887036 0 1.0010010010010010e-03
B550 -0.885032 0.374692 0 -2997.151812 -7079.352542 0 1.0010010010010010e-03
B551 0.017055 0.936786 0 -7784.774360 141.729464 0 1.0010010010010010e-03
B552 -0.852919 0.532033 0 -3978.331907 -6377.786777 0 1.0010010010010010e-03
B553 -0.814410 0.408471 0 -3539.834702 -7057.724899 0 1.0010010010010010e-03
B554 -0.664654 0.787070 0 -5673.174210 -4790.803604 0 1.0010010010010010e-03
B555 0.951220 -0.106523 0 857.308490 7655.513339 0 1.0010010010010010e-03
B556 -0.757296 -0.764926 0 5162.269268 -5110.782490 0 1.0010010010010010e-03
B557 -0.815202 -0.615193 0 4492.282476 -5952.794657 0 1.0010010010010010e-03
B558 -0.360691 0.879437 0 -7152.043745 -2933.330656 0 1.0010010010010010e-03
B559 0.338307 -0.907538 0 7175.633272 2674.889416 0 1.0010010010010010e-03
B560 0.163650 0.911982 0 -7706.514560 1382.888426 0 1.0010010010010010e-03
B561 -0.901303 -0.012718 0 111.997692 -7937.319001 0 1.0010010010010010e-03
B562 0.563941 -0.744552 0 6216.374063 4708.430817 0 1.0010010010010010e-03
B563 -0.960011 -0.011475 0 91.930480 -7691.119243 0 1.0010010010010010e-03
B564 0.871361 -0.509427 0 3786.119884 6476.046785 0 1.0010010010010010e-03
B565 -0.959038 0.269101 0 -2040.091931 -7270.606539 0 1.0010010010010010e-03
B566 -0.235524 0.893614 0 -7580.956895 -1998.065831 0 1.0010010010010010e-03
B567 -0.419896 -0.993722 0 6683.922739 -2824.281531 0 1.0010010010010010e-03
B568 -0.467822 0.787413 0 -6770.225791 -4022.365483 0 1.0010010010010010e-03
B569 0.632470 0.647213 0 -5666.266825 5537.191757 0 1.0010010010010010e-03
B570 0.855527 -0.484825 0 3747.101057 6612.171185 0 1.0010010010010010e-03
B571 -0.608191 -0.880460 0 5994.454182 -4140.756076 0 1.0010010010010010e-03
B572 -1.021355 0.188336 0 -1341.069959 -7272.679512 0 1.0010010010010010e-03
B573 0.116796 -0.938064 0 7692.143299 957.729639 0 1.0010010010010010e-03
B574 0.926732 0.179226 0 -1472.932879 7616.174606 0 1.0010010010010010e-03
B575 0.439581 -0.786792 0 6930.389061 3872.008706 0 1.0010010010010010e-03
B576 0.162479 0.885342 0 -7813.203122 1433.890825 0 1.0010010010010010e-03
B577 -0.509528 0.879081 0 -6468.692279 -3749.347217 0 1.0010010010010010e-03
B578 0.350894 -0.917776 0 7101.778949 2715.227988 0 1.0010010010010010e-03
B579 -0.645383 0.758008 0 -5751.237600 -4896.716198 0 1.0010010010010010e-03
B580 0.298773 -0.889216 0 7376.160217 2478.364909 0 1.0010010010010010e-03
B581 0.701484 -0.842649 0 5531.658523 4604.966815 0 1.0010010010010010e-03
B582 1.040295 -0.007714 0 54.788375 7388.868500 0 1.0010010010010010e-03
B583 -0.710240 -0.649290 0 5183.802052 -5670.410715 0 1.0010010010010010e-03
B584 0.367462 -1.022661 0 6803.869224 2444.767049 0 1.0010010010010010e-03
B585 0.906460 -0.597723 0 3981.571850 6038.141816 0 1.0010010010010010e-03
B586 0.210663 -0.916343 0 7574.774058 1741.410227 0 1.0010010010010010e-03
B587 1.043863 -0.318555 0 2105.667342 6899.998162 0 1.0010010010010010e-03
B588 0.348745 0.869177 0 -7227.674413 2900.005927 0 1.0010010010010010e-03
B589 0.277779 1.062247 0 -6958.508114 1819.658606 0 1.0010010010010010e-03
B590 0.904390 -0.114540 0 991.778796 7830.928368 0 1.0010010010010010e-03
B591 -0.065538 0.937408 0 -7755.709216 -542.229077 0 1.0010010010010010e-03
B592 0.817306 0.683491 0 -4684.003279 5601.046223 0 1.0010010010010010e-03
B593 0.290284 -1.015180 0 7051.854798 2016.432397 0 1.0010010010010010e-03
B594 -0.879195 0.317301 0 -2646.291738 -7332.484930 0 1.0010010010010010e-03
B595 -0.538098 -0.815405 0 6364.112895 -4199.774031 0 1.0010010010010010e-03
B596 -0.697902 0.651756 0 -5263.993845 -5636.703153 0 1.0010010010010010e-03
B597 -0.276079 0.980811 0 -7186.967264 -2022.992615 0 1.0010010010010010e-03
B598 -0.807410 0.487926 0 -4013.211620 -6640.977172 0 1.0010010010010010e-03
B599 0.782639 0.741123 0 -4991.365970 5270.972091 0 1.0010010010010010e-03
B600 0.841146 0.684598 0 -4568.235674 5612.861256 0 1.0010010010010010e-03
B601 0.888416 -0.529401 0 3793.661680 6366.342870 0 1.0010010010010010e-03
B602 -1.002156 -0.098344 0 733.494770 -7474.544781 0 1.0010010010010010e-03
B603 0.142593 -0.968495 0 7535.987350 1109.535024 0 1.0010010010010010e-03
B604 -0.245466 -1.047708 0 7073.728324 -1657.292343 0 1.0010010010010010e-03
B605 -0.578676 0.757751 0 -6134.211640 -4684.554169 0 1.0010010010010010e-03
B606 0.833293 0.558944 0 -4191.179347 6248.360240 0 1.0010010010010010e-03
B607 0.835826 -0.530245 0 4057.975039 6396.592971 0 1.0010010010010010e-03
B608 1.005781 -0.206429 0 1495.373910 7285.893628 0 1.0010010010010010e-03
B609 -0.947667 -0.428506 0 3044.764754 -6733.685707 0 1.0010010010010010e-03
B610 -0.987754 0.290476 0 -2095.534449 -7125.787711 0 1.0010010010010010e-03
B611 -1.012852 -0.044546 0 328.877738 -7477.764465 0 1.0010010010010010e-03
B612 0.791179 -0.718252 0 4900.539884 5398.115732 0 1.0010010010010010e-03
B613 -0.486445 -0.968211 0 6469.581799 -3250.420864 0 1.0010010010010010e-03
B614 -0.975892 0.457283 0 -3080.367927 -6573.838925 0 1.0010010010010010e-03
B615 -0.402093 0.905081 0 -6920.850350 -3074.673597 0 1.0010010010010010e-03
B616 -0.311272 -1.044522 0 6918.346432 -2061.694275 0 1.0010010010010010e-03
B617 -0.884408 0.569110 0 -3976.815069 -6180.046051 0 1.0010010010010010e-03
B618 -0.555435 0.933840 0 -6214.114750 -3696.066054 0 1.0010010010010010e-03
B619 0.974437 0.072715 0 -567.357775 7603.063665 0 1.0010010010010010e-03
B620 -0.950869 -0.180470 0 1428.473648 -7526.396930 0 1.0010010010010010e-03
B621 0.929676 0.408502 0 -3008.642498 6847.114354 0 1.0010010010010010e-03
B622 0.939363 0.493218 0 -3401.384325 6478.138208 0 1.0010010010010010e-03
B623 -0.290174 0.858676 0 -7499.590625 -2534.353638 0 1.0010010010010010e-03
B624 -1.006694 0.097063 0 -719.229791 -7459.530616 0 1.0010010010010010e-03
B625 0.141576 0.890388 0 -7838.839688 1246.414683 0 1.0010010010010010e-03
B626 -0.944515 -0.039692 0 325.456494 -7744.527992 0 1.0010010010010010e-03
B627 -0.086355 -0.962240 0 7636.945106 -685.365467 0 1.0010010010010010e-03
B628 0.762375 -0.596402 0 4719.975872 6033.493869 0 1.0010010010010010e-03
B629 -0.360238 1.031420 0 -6807.159700 -2377.496556 0 1.0010010010010010e-03
B630 0.994356 0.384160 0 -2630.632373 6809.100456 0 1.0010010010010010e-03
B631 1.021213 -0.108661 0 786.877759 7395.184454 0 1.0010010010010010e-03
B632 -0.430484 0.957945 0 -6707.961021 -3014.438323 0 1.0010010010010010e-03
B633 -0.987726 -0.132152 0 1001.182961 -7483.019726 0 1.0010010010010010e-03
B634 1.045942 0.187080 0 -1287.308408 7197.192528 0 1.0010010010010010e-03
B635 -0.919765 0.202366 0 -1668.777129 -7584.688622 0 1.0010010010010010e-03
B636 -1.076745 0.157998 0 -1048.857459 -7147.906420 0 1.0010010010010010e-03
B637 -0.810383 0.418927 0 -3623.544086 -7009.479055 0 1.0010010010010010e-03
B638 -0.568663 0.787186 0 -6199.463779 -4478.492951 0 1.0010010010010010e-03
B639 -0.065092 -1.045450 0 7349.575911 -457.602856 0 1.0010010010010010e-03
B640 0.924717 0.533201 0 -3643.817060 6319.379602 0 1.0010010010010010e-03
B641 -0.181828 1.008035 0 -7328.368620 -1321.881657 0 1.0010010010010010e-03
B642 0.886176 0.219386 0 -1895.518908 7656.656129 0 1.0010010010010010e-03
B643 0.780419 -0.602529 0 4638.424223 6007.868009 0 1.0010010010010010e-03
B644 -0.875537 0.229659 0 -2009.890683 -7662.369045 0 1.0010010010010010e-03
B645 -1.057142 -0.076473 0 528.180820 -7301.421251 0 1.0010010010010010e-03
B646 0.449027 -0.830258 0 6823.324171 3690.245326 0 1.0010010010010010e-03
B647 -0.933789 0.040802 0 -340.300438 -7788.046994 0 1.0010010010010010e-03
B648 -0.983124 -0.229748 0 1706.848164 -7303.827584 0 1.0010010010010010e-03
B649 -0.940099 0.507158 0 -3462.218502 -6417.779202 0 1.0010010010010010e-03
B650 -0.888159 0.325732 0 -2668.050001 -7274.847303 0 1.0010010010010010e-03
B651 0.653385 -0.644372 0 5524.303992 5601.574627 0 1.0010010010010010e-03
B652 -0.690936 -0.815003 0 5561.492223 -4714.875170 0 1.0010010010010010e-03
B653 -0.813202 -0.399665 0 3492.220823 -7105.643782 0 1.0010010010010010e-03
B654 -1.079207 0.123745 0 -823.741626 -7184.014241 0 1.0010010010010010e-03
B655 0.680545 -0.744531 0 5538.808316 5062.795434 0 1.0010010010010010e-03
B656 -0.685671 0.678307 0 -5397.001547 -5455.591606 0 1.0010010010010010e-03
B657 -0.003497 -1.032759 0 7416.019292 -25.108109 0 1.0010010010010010e-03
B658 0.252161 0.935587 0 -7392.492692 1992.439017 0 1.0010010010010010e-03
B659 -0.272791 -0.908572 0 7411.075958 -2225.117045 0 1.0010010010010010e-03
B660 0.928720 0.175886 0 -1442.445914 7616.474009 0 1.0010010010010010e-03
B661 0.403835 -0.865718 0 6988.080380 3259.763636 0 1.0010010010010010e-03
B662 -0.169983 -1.046941 0 7223.336956 -1172.790135 0 1.0010010010010010e-03
B663 0.202779 1.052887 0 -7146.942346 1376.450151 0 1.0010010010010010e-03
B664 -0.961800 0.353909 0 -2570.852963 -6986.677100 0 1.0010010010010010e-03
B665 -0.829916 0.457766 0 -3738.933210 -6778.578084 0 1.0010010010010010e-03
B666 1.003975 -0.237423 0 1707.608804 7220.848057 0 1.0010010010010010e-03
B667 0.568135 0.842199 0 -6198.764505 4181.593963 0 1.0010010010010010e-03
B668 0.942617 0.542962 0 -3606.726881 6261.503634 0 1.0010010010010010e-03
B669 1.050020 -0.269023 0 1796.630068 7012.402588 0 1.0010010010010010e-03
B670 0.675501 0.775508 0 -5603.820104 4881.170007 0 1.0010010010010010e-03
B671 -0.587227 0.767816 0 -6088.913860 -4656.811169 0 1.0010010010010010e-03
B672 -0.570019 0.734012 0 -6174.572967 -4795.047403 0 1.0010010010010010e-03
B673 -0.587580 -0.910401 0 6083.220362 -3926.157206 0 1.0010010010010010e-03
B674 -0.778748 -0.627750 0 4729.244911 -5866.815901 0 1.0010010010010010e-03
B675 -0.645864 -0.734047 0 5722.243524 -5034.815848 0 1.0010010010010010e-03
B676 -0.405062 0.909122 0 -6900.489549 -3074.532153 0 1.0010010010010010e-03
B677 -0.311640 -0.946461 0 7171.255887 -2361.269195 0 1.0010010010010010e-03
B678 -0.684462 -0.673190 0 5393.606627 -5483.916164 0 1.0010010010010010e-03
B679 -0.634257 -0.827388 0 5858.077880 -4490.674989 0 1.0010010010010010e-03
B680 0.591803 -0.871298 0 6074.736279 4126.080443 0 1.0010010010010010e-03
B681 0.985145 -0.332137 0 2361.430967 7004.184113 0 1.0010010010010010e-03
B682 -1.026109 0.238641 0 -1663.300009 -7151.871554 0 1.0010010010010010e-03
B683 -0.190882 1.075016 0 -7101.593613 -1260.970400 0 1.0010010010010010e-03
B684 -0.669867 0.668322 0 -5472.119232 -5484.776183 0 1.0010010010010010e-03
B685 -0.872130 0.605491 0 -4171.306548 -6008.223194 0 1.0010010010010010e-03
B686 -0.561111 -0.880499 0 6220.084116 -3963.839304 0 1.0010010010010010e-03
B687 0.352655 -0.917453 0 7095.716091 2727.489130 0 1.0010010010010010e-03
B688 -0.229089 1.073696 0 -7034.494023 -1500.915264 0 1.0010010010010010e-03
B689 0.018074 -0.923477 0 7840.365191 153.450114 0 1.0010010010010010e-03
B690 -0.785090 0.666718 0 -4806.920413 -5660.361475 0 1.0010010010010010e-03
B691 0.530216 -0.745876 0 6421.223655 4564.611827 0 1.0010010010010010e-03
B692 0.246656 0.872967 0 -7614.783189 2151.550896 0 1.0010010010010010e-03
B693 -0.654417 -0.875118 0 5773.807317 -4317.676044 0 1.0010010010010010e-03
B694 -0.927515 -0.296490 0 2325.481249 -7274.838632 0 1.0010010010010010e-03
B695 0.817273 -0.587707 0 4385.511741 6098.552913 0 1.0010010010010010e-03
B696 -0.270075 0.952583 0 -7286.846995 -2065.953799 0 1.0010010010010010e-03
B697 0.725765 -0.589112 0 4912.669675 6052.233630 0 1.0010010010010010e-03
B698 -0.950757 -0.136943 0 1096.280440 -7611.162590 0 1.0010010010010010e-03
B699 -0.157528 -1.060364 0 7200.060223 -1069.644180 0 1.0010010010010010e-03
B700 0.658859 0.715300 0 -5621.217898 5177.671145 0 1.0010010010010010e-03
B701 0.479334 -0.889373 0 6600.398748 3557.330732 0 1.0010010010010010e-03
B702 -0.230292 -0.928897 0 7477.585459 -1853.842624 0 1.0010010010010010e-03
B703 0.971608 0.464516 0 -3132.477646 6552.072966 0 1.0010010010010010e-03
B704 0.008997 0.972673 0 -7641.223219 70.678492 0 1.0010010010010010e-03
B705 -0.081948 -1.090170 0 7187.730241 -540.302593 0 1.0010010010010010e-03
B706 -0.723062 0.697508 0 -5220.310967 -5411.566411 0 1.0010010010010010e-03
B707 -1.051539 -0.084840 0 590.095634 -7313.883290 0 1.0010010010010010e-03
B708 -0.361177 -0.941308 0 7007.649991 -2688.811349 0 1.0010010010010010e-03
B709 0.998025 -0.271415 0 1944.713698 7150.939127 0 1.0010010010010010e-03
B710 0.904139 -0.498498 0 3581.211637 6495.330502 0 1.0010010010010010e-03
B711 -0.888501 -0.317219 0 2608.964706 -7307.468791 0 1.0010010010010010e-03
B712 0.018179 0.959158 0 -7693.288803 145.809120 0 1.0010010010010010e-03
B713 0.906727 0.159643 0 -1361.967724 7735.567210 0 1.0010010010010010e-03
B714 -0.646608 -0.778142 0 5762.794616 -4788.672631 0 1.0010010010010010e-03
B715 -0.100244 -0.994475 0 7500.397492 -756.048853 0 1.0010010010010010e-03
B716 -0.979678 0.150424 0 -1148.885132 -7482.427435 0 1.0010010010010010e-03
B717 0.834871 -0.650846 0 4503.618138 5777.004594 0 1.0010010010010010e-03
B718 0.188998 1.053813 0 -7169.360288 1285.800235 0 1.0010010010010010e-03
B719 0.183002 0.962321 0 -7480.711720 1422.590814 0 1.0010010010010010e-03
B720 1.039024 -0.249407 0 1701.757179 7089.482330 0 1.0010010010010010e-03
B721 0.962303 0.134621 0 -1059.267255 7571.906564 0 1.0010010010010010e-03
B722 0.765153 -0.748143 0 5093.357360 5209.163982 0 1.0010010010010010e-03
B723 0.897946 -0.123958 0 1082.488742 7841.522539 0 1.0010010010010010e-03
B724 -0.466157 -0.778410 0 6788.030033 -4065.070570 0 1.0010010010010010e-03
B725 -0.917706 -0.176840 0 1475.104497 -7655.027224 0 1.0010010010010010e-03
B726 0.569716 -0.810715 0 6194.602822 4353.150737 0 1.0010010010010010e-03
B727 -0.573731 -0.875700 0 6161.214089 -4036.635600 0 1.0010010010010010e-03
B728 0.879494 0.645190 0 -4268.365834 5818.448509 0 1.0010010010010010e-03
B729 0.427678 0.944002 0 -6743.403940 3055.088685 0 1.0010010010010010e-03
B730 -0.550145 -0.943675 0 6229.690243 -3631.794488 0 1.0010010010010010e-03
B731 -0.247542 0.941372 0 -7387.804421 -1942.690388 0 1.0010010010010010e-03
B732 0.993793 -0.031364 0 238.420314 7554.433182 0 1.0010010010010010e-03
B733 0.096486 -1.010298 0 7447.185450 711.224385 0 1.0010010010010010e-03
B734 0.976368 0.455602 0 -3070.239819 6579.618961 0 1.0010010010010010e-03
B735 -0.679683 -0.734854 0 5530.077368 -5114.891260 0 1.0010010010010010e-03
B736 0.608998 -0.896700 0 5988.347779 4067.014365 0 1.0010010010010010e-03
B737 0.740595 0.625789 0 -4939.969307 5846.240321 0 1.0010010010010010e-03
B738 0.620036 -0.835883 0 5933.415032 4401.251506 0 1.0010010010010010e-03
B739 1.085430 -0.077665 0 515.623109 7206.259943 0 1.0010010010010010e-03
B740 1.008478 -0.073400 0 544.063989 7475.152336 0 1.0010010010010010e-03
B741 -0.905169 -0.485655 0 3515.636463 -6552.472317 0 1.0010010010010010e-03
B742 0.905739 -0.244423 0 2027.288224 7512.353221 0 1.0010010010010010e-03
B743 0.613942 -0.897023 0 5965.290436 4082.776261 0 1.0010010010010010e-03
B744 -0.130009 -0.920773 0 7738.703238 -1092.672810 0 1.0010010010010010e-03
B745 0.596461 -0.762035 0 6032.970795 4722.132714 0 1.0010010010010010e-03
B746 -0.159062 -1.086587 0 7115.996198 -1041.687895 0 1.0010010010010010e-03
B747 0.898127 -0.159261 0 1377.821739 7769.996922 0 1.0010010010010010e-03
B748 0.380924 0.872624 0 -7078.616020 3090.005772 0 1.0010010010010010e-03
B749 -0.375842 1.007218 0 -6810.061872 -2541.163889 0 1.0010010010010010e-03
B750 -1.033845 0.195972 0 -1368.316376 -7218.519390 0 1.0010010010010010e-03
B751 -0.678156 0.851295 0 -5650.354017 -4501.168742 0 1.0010010010010010e-03
B752 0.999531 -0.323897 0 2266.536039 6994.425961 0 1.0010010010010010e-03
B753 -0.396116 -0.847703 0 7058.666141 -3298.383118 0 1.0010010010010010e-03
B754 -1.036157 -0.164182 0 1151.557538 -7267.489022 0 1.0010010010010010e-03
B755 0.068483 0.898323 0 -7917.179118 603.561817 0 1.0010010010010010e-03
B756 0.032073 1.099193 0 -7183.896874 209.613862 0 1.0010010010010010e-03
B757 0.946146 -0.042442 0 347.041122 7736.424498 0 1.0010010010010010e-03
B758 -0.506008 -0.912129 0 6452.852470 -3579.753590 0 1.0010010010010010e-03
B759 -1.009883 0.032625 0 -242.090865 -7493.745726 0 1.0010010010010010e-03
B760 0.638136 -0.874883 0 5851.283561 4267.903186 0 1.0010010010010010e-03
B761 -0.294758 1.040035 0 -6974.054108 -1976.527846 0 1.0010010010010010e-03
B762 1.057344 -0.085169 0 587.520695 7293.894519 0 1.0010010010010010e-03
B763 0.916824 -0.317268 0 2502.250885 7230.858818 0 1.0010010010010010e-03
B764 -0.463178 0.789515 0 -6794.429340 -3986.030779 0 1.0010010010010010e-03
B765 0.077533 -0.919044 0 7819.807667 659.699693 0 1.0010010010010010e-03
B766 0.651618 0.640485 0 -5526.951032 5623.023684 0 1.0010010010010010e-03
B767 0.908784 -0.163232 0 1386.584445 7719.716484 0 1.0010010010010010e-03
B768 -0.946353 -0.382298 0 2794.200409 -6916.864283 0 1.0010010010010010e-03
B769 0.983139 -0.460770 0 3069.437666 6549.215478 0 1.0010010010010010e-03
B770 -0.292851 0.948879 0 -7226.590381 -2230.330352 0 1.0010010010010010e-03
B771 0.643847 -0.638663 0 5573.425509 5618.658238 0 1.0010010010010010e-03
B772 0.972711 0.415542 0 -2878.804861 6738.784650 0 1.0010010010010010e-03
B773 -0.772390 -0.491991 0 4231.061722 -6642.451698 0 1.0010010010010010e-03
B774 0.465087 0.825640 0 -6745.473090 3799.755818 0 1.0010010010010010e-03
B775 -0.692772 -0.784967 0 5522.503261 -4873.880533 0 1.0010010010010010e-03
B776 0.888495 0.183317 0 -1598.878201 7749.397840 0 1.0010010010010010e-03
B777 0.455432 -0.960934 0 6604.268653 3130.076409 0 1.0010010010010010e-03
B778 -0.657704 -0.780582 0 5704.641318 -4806.631130 0 1.0010010010010010e-03
B779 -0.766549 0.682038 0 -4945.745547 -5558.569815 0 1.0010010010010010e-03
B780 -0.904967 0.259528 0 -2141.239667 -7466.448443 0 1.0010010010010010e-03
B781 -0.880941 -0.278551 0 2363.850673 -7475.876115 0 1.0010010010010010e-03
B782 0.495095 -0.809077 0 6600.575443 4039.063349 0 1.0010010010010010e-03
B783 1.092086 0.029674 0 -195.850218 7207.843901 0 1.0010010010010010e-03
B784 0.878295 0.571463 0 -4015.309341 6171.219552 0 1.0010010010010010e-03
B785 -0.339582 0.892553 0 -7208.151560 -2742.424181 0 1.0010010010010010e-03
B786 0.806103 0.724750 0 -4839.675016 5382.925140 0 1.0010010010010010e-03
B787 0.713359 0.660903 0 -5194.046189 5606.300619 0 1.0010010010010010e-03
B788 0.760162 0.558827 0 -4595.789475 6251.565031 0 1.0010010010010010e-03
B789 -0.530589 0.867939 0 -6375.402294 -3897.413591 0 1.0010010010010010e-03
B790 0.871539 0.366364 0 -3003.697368 7145.452088 0 1.0010010010010010e-03
B791 -0.757032 -0.699110 0 5036.994713 -5454.316786 0 1.0010010010010010e-03
B792 0.806445 -0.534159 0 4231.550981 6388.567706 0 1.0010010010010010e-03
B793 -0.937955 0.310192 0 -2380.808749 -7199.063778 0 1.0010010010010010e-03
B794 -0.288910 -1.028843 0 7019.036497 -1971.019423 0 1.0010010010010010e-03
B795 -0.971354 0.125296 0 -974.249726 -7552.843170 0 1.0010010010010010e-03
B796 0.618298 0.796719 0 -5928.861177 4601.126360 0 1.0010010010010010e-03
B797 -0.054475 -0.993473 0 7544.287189 -413.674921 0 1.0010010010010010e-03
B798 0.685894 -0.692878 0 5424.457574 5369.780094 0 1.0010010010010010e-03
B799 -0.407024 0.890213 0 -6927.774563 -3167.521997 0 1.0010010010010010e-03
B800 -0.940121 0.553051 0 -3659.005211 -6219.878721 0 1.0010010010010010e-03
B801 -0.562975 0.731882 0 -6216.692048 -4781.974027 0 1.0010010010010010e-03
B802 0.883373 0.602188 0 -4105.614432 6022.678283 0 1.0010010010010010e-03
B803 0.836613 -0.338872 0 2978.101871 7352.384243 0 1.0010010010010010e-03
B804 -0.829810 0.644861 0 -4511.143348 -5804.957015 0 1.0010010010010010e-03
B805 -0.004317 -1.062559 0 7311.259825 -29.702931 0 1.0010010010010010e-03
B806 -0.812749 -0.631963 0 4559.375064 -5863.678524 0 1.0010010010010010e-03
B807 -0.743050 0.550702 0 -4666.220765 -6296.032601 0 1.0010010010010010e-03
B808 0.805237 0.458349 0 -3873.191198 6804.501558 0 1.0010010010010010e-03
B809 0.684634 -0.608416 0 5231.121535 5886.433716 0 1.0010010010010010e-03
B810 -0.021436 0.971426 0 -7643.826418 -168.674929 0 1.0010010010010010e-03
B811 0.676250 -0.619369 0 5315.608319 5803.775529 0 1.0010010010010010e-03
B812 0.493943 0.888831 0 -6532.852183 3630.453339 0 1.0010010010010010e-03
B813 -0.025078 -1.011430 0 7490.416843 -185.721181 0 1.0010010010010010e-03
B814 0.309821 0.921741 0 -7244.425605 2435.043020 0 1.0010010010010010e-03
B815 -0.903831 -0.131727 0 1137.290540 -7803.407235 0 1.0010010010010010e-03
B816 -0.970209 0.132137 0 -1027.810021 -7546.664628 0 1.0010010010010010e-03
B817 -0.046582 -1.012038 0 7479.738692 -344.274070 0 1.0010010010010010e-03
B818 -1.070089 -0.137731 0 926.237691 -7196.352110 0 1.0010010010010010e-03
B819 0.924301 -0.454177 0 3275.162741 6665.322680 0 1.0010010010010010e-03
B820 -0.844728 0.458474 0 -3667.060316 -6756.479739 0 1.0010010010010010e-03
B821 0.812605 0.513608 0 -4106.860602 6497.663421 0 1.0010010010010010e-03
B822 -0.653403 0.825969 0 -5759.599117 -4556.268454 0 1.0010010010010010e-03
B823 -0.977852 -0.247351 0 1840.250871 -7275.047665 0 1.0010010010010010e-03
B824 0.110178 -0.945368 0 7673.249862 894.283358 0 1.0010010010010010e-03
B825 -0.954588 0.535564 0 -3524.722944 -6282.452769 0 1.0010010010010010e-03
B826 -0.713461 0.584607 0 -4973.597178 -6069.837852 0 1.0010010010010010e-03
B827 -0.883015 0.427588 0 -3316.142867 -6848.190257 0 1.0010010010010010e-03
B828 0.144399 1.059595 0 -7221.218644 984.090378 0 1.0010010010010010e-03
B829 0.169772 0.975316 0 -7462.402608 1298.970823 0 1.0010010010010010e-03
B830 -0.924741 -0.225903 0 1833.098930 -7503.848290 0 1.0010010010010010e-03
B831 0.598675 0.761280 0 -6019.783418 4733.989022 0 1.0010010010010010e-03
B832 -1.029163 -0.249865 0 1727.821101 -7116.677711 0 1.0010010010010010e-03
B833 -0.363892 -0.915632 0 7055.830063 -2804.137456 0 1.0010010010010010e-03
B834 0.340278 -0.881466 0 7233.098578 2792.241048 0 1.0010010010010010e-03
B835 0.937108 0.312627 0 -2399.632960 7192.956770 0 1.0010010010010010e-03
B836 0.579906 0.756422 0 -6126.426059 4696.782378 0 1.0010010010010010e-03
B837 0.156952 0.999329 0 -7402.574942 1162.627784 0 1.0010010010010010e-03
B838 0.951918 -0.217759 0 1700.738878 7434.645068 0 1.0010010010010010e-03
B839 -0.738475 0.525380 0 -4589.269335 -6450.688814 0 1.0010010010010010e-03
B840 -1.027815 -0.309022 0 2094.609102 -6966.721491 0 1.0010010010010010e-03
B841 0.929074 0.314092 0 -2437.284098 7209.415357 0 1.0010010010010010e-03
B842 -0.765742 0.526284 0 -4428.527874 -6443.501369 0 1.0010010010010010e-03
B843 0.598005 -0.712526 0 5985.472070 5023.458475 0 1.0010010010010010e-03
B844 0.580737 0.749312 0 -6118.105152 4741.701629 0 1.0010010010010010e-03
B845 0.405888 1.013913 0 -6695.124856 2680.183475 0 1.0010010010010010e-03
B846 -1.062061 -0.232779 0 1547.427601 -7060.192086 0 1.0010010010010010e-03
B847 -0.396844 -0.833310 0 7082.603040 -3372.919079 0 1.0010010010010010e-03
B848 0.901349 0.378590 0 -2951.765603 7027.572441 0 1.0010010010010010e-03
B849 -0.692555 0.620402 0 -5215.092316 -5821.606967 0 1.0010010010010010e-03
B850 0.299340 0.874891 0 -7415.470568 2537.172449 0 1.0010010010010010e-03
B851 0.918044 0.206380 0 -1704.074591 7580.257733 0 1.0010010010010010e-03
B852 -0.073245 0.958138 0 -7665.883084 -586.017198 0 1.0010010010010010e-03
B853 0.933136 -0.347854 0 2637.976645 7076.508130 0 1.0010010010010010e-03
B854 0.318624 0.992966 0 -7027.255339 2254.915571 0 1.0010010010010010e-03
B855 1.021809 -0.118287 0 854.514865 7381.648322 0 1.0010010010010010e-03
B856 0.608955 -0.744024 0 5947.946810 4868.162164 0 1.0010010010010010e-03
B857 -0.056848 -0.913319 0 7863.276088 -489.436984 0 1.0010010010010010e-03
B858 -0.832699 -0.703774 0 4659.153210 -5512.670233 0 1.0010010010010010e-03
B859 -0.250800 -1.036275 0 7094.075473 -1716.911092 0 1.0010010010010010e-03
B860 -0.844960 0.320056 0 -2808.506786 -7414.569014 0 1.0010010010010010e-03
B861 0.929098 -0.267576 0 2121.171903 7365.286067 0 1.0010010010010010e-03
B862 0.546972 0.882299 0 -6286.916125 3897.508116 0 1.0010010010010010e-03
B863 -0.707947 -0.664752 0 5235.051534 -5575.218519 0 1.0010010010010010e-03
B864 0.781215 0.567904 0 -4509.242990 6202.960960 0 1.0010010010010010e-03
B865 -0.882223 -0.214055 0 1865.092151 -7686.930615 0 1.0010010010010010e-03
B866 0.640280 0.723555 0 -5742.002918 5081.145448 0 1.0010010010010010e-03
B867 0.917642 -0.371563 0 2842.790156 7020.793180 0 1.0010010010010010e-03
B868 0.934210 -0.033514 0 279.460258 7789.920657 0 1.0010010010010010e-03
B869 -0.851870 0.296610 0 -2609.321230 -7494.026520 0 1.0010010010010010e-03
B870 0.786566 -0.512387 0 4245.775094 6517.686958 0 1.0010010010010010e-03
B871 -0.796246 -0.425539 0 3738.597475 -6995.471018 0 1.0010010010010010e-03
B872 0.809096 0.730714 0 -4837.825871 5356.772622 0 1.0010010010010010e-03
B873 -0.513843 0.789828 0 -6507.998261 -4233.943435 0 1.0010010010010010e-03
B874 0.669979 -0.716107 0 5557.490270 5199.503818 0 1.0010010010010010e-03
B875 0.148859 1.038211 0 -7284.557912 1044.459400 0 1.0010010010010010e-03
B876 1.055134 0.188731 0 -1281.735680 7165.762707 0 1.0010010010010010e-03
B877 -0.202425 -0.979567 0 7379.662687 -1524.991901 0 1.0010010010010010e-03
B878 1.092886 0.091704 0 -601.748389 7171.358507 0 1.0010010010010010e-03
B879 0.990627 -0.036587 0 279.376894 7564.409016 0 1.0010010010010010e-03
B880 0.653151 -0.682277 0 5601.726960 5362.587762 0 1.0010010010010010e-03
B881 1.048498 0.169471 0 -1166.858988 7219.219554 0 1.0010010010010010e-03
B882 0.973692 0.393504 0 -2755.588638 6818.476546 0 1.0010010010010010e-03
B883 0.911846 -0.305083 0 2438.643618 7288.727560 0 1.0010010010010010e-03
B884 -0.232918 0.887137 0 -7611.427489 -1998.384156 0 1.0010010010010010e-03
B885 -0.929477 0.201400 0 -1636.559406 -7552.836732 0 1.0010010010010010e-03
B886 -0.292522 -1.021639 0 7028.459295 -2012.430710 0 1.0010010010010010e-03
B887 0.768173 0.723086 0 -5029.320175 5342.915892 0 1.0010010010010010e-03
B888 0.849646 0.434579 0 -3513.099984 6868.474878 0 1.0010010010010010e-03
B889 0.418541 -1.011394 0 6656.198491 2754.505341 0 1.0010010010010010e-03
B890 -0.027454 0.999953 0 -7532.495262 -206.806133 0 1.0010010010010010e-03
B891 -0.910602 -0.453903 0 3333.200760 -6686.935304 0 1.0010010010010010e-03
B892 0.023297 -0.925174 0 7831.700006 197.210605 0 1.0010010010010010e-03
B893 0.803964 0.414743 0 -3632.792383 7042.042661 0 1.0010010010010010e-03
B894 0.961909 -0.509900 0 3382.962825 6381.840595 0 1.0010010010010010e-03
B895 0.977792 0.080807 0 -626.669759 7582.875772 0 1.0010010010010010e-03
B896 0.747297 0.771670 0 -5223.626242 5058.636153 0 1.0010010010010010e-03
B897 0.286522 -0.931325 0 7297.392259 2245.039756 0 1.0010010010010010e-03
B898 0.955683 0.234220 0 -1808.536126 7379.346599 0 1.0010010010010010e-03
B899 0.351991 0.941188 0 -7041.996761 2633.608761 0 1.0010010010010010e-03
B900 0.902071 0.070018 0 -613.148367 7899.457184 0 1.0010010010010010e-03
B901 0.842756 0.425949 0 -3498.473306 6921.859630 0 1.0010010010010010e-03
B902 -0.706540 0.720242 0 -5356.222966 -5254.322826 0 1.0010010010010010e-03
B903 -0.528453 -0.866622 0 6386.784495 -3894.567688 0 1.0010010010010010e-03
B904 -0.689583 0.706197 0 -5427.511170 -5299.828409 0 1.0010010010010010e-03
B905 -0.849507 0.536802 0 -4016.110418 -6355.632774 0 1.0010010010010010e-03
B906 0.860002 -0.548033 0 4010.728922 6293.850536 0 1.0010010010010010e-03
B907 1.005977 0.354310 0 -2424.299410 6883.217168 0 1.0010010010010010e-03
B908 -0.960697 -0.099301 0 788.471806 -7628.151907 0 1.0010010010010010e-03
B909 0.050728 1.021855 0 -7441.798457 369.432576 0 1.0010010010010010e-03
B910 0.954751 -0.028396 0 229.252098 7707.988349 0 1.0010010010010010e-03
B911 -0.868709 -0.478319 0 3650.304733 -6629.583669 0 1.0010010010010010e-03
B912 -0.763823 -0.509358 0 4363.917778 -6544.037999 0 1.0010010010010010e-03
B913 0.413001 -0.940827 0 6808.020512 2988.560146 0 1.0010010010010010e-03
B914 0.509032 0.909805 0 -6441.583986 3604.039371 0 1.0010010010010010e-03
B915 0.078596 -1.059178 0 7292.914829 541.169605 0 1.0010010010010010e-03
B916 0.950341 -0.216617 0 1696.481461 7442.806518 0 1.0010010010010010e-03
B917 0.164694 0.927553 0 -7645.296459 1357.482473 0 1.0010010010010010e-03
B918 -0.988874 0.391518 0 -2690.192174 -6794.736255 0 1.0010010010010010e-03
B919 0.579602 0.749602 0 -6124.985248 4735.919475 0 1.0010010010010010e-03
B920 -0.362623 0.905066 0 -7085.040041 -2838.690531 0 1.0010010010010010e-03
B921 0.961922 0.449811 0 -3097.999485 6625.074716 0 1.0010010010010010e-03
B922 0.757315 0.773641 0 -5176.130353 5066.898351 0 1.0010010010010010e-03
B923 -0.742637 -0.520146 0 4540.681768 -6482.948983 0 1.0010010010010010e-03
B924 -0.006254 -0.970488 0 7650.072879 -49.296768 0 1.0010010010010010e-03
B925 -0.929147 -0.368926 0 2781.650271 -7005.630645 0 1.0010010010010010e-03
B926 -0.007884 1.067497 0 -7294.123969 -53.868274 0 1.0010010010010010e-03
B927 0.466612 0.776628 0 -6787.008484 4077.756732 0 1.0010010010010010e-03
B928 0.949001 -0.248186 0 1925.320883 7361.937636 0 1.0010010010010010e-03
B929 -0.965469 -0.029810 0 236.656956 -7664.692263 0 1.0010010010010010e-03
B930 0.968126 -0.045150 0 356.639733 7647.167017 0 1.0010010010010010e-03
B931 -0.407772 0.953197 0 -6805.220020 -2911.230761 0 1.0010010010010010e-03
B932 -0.848261 0.577418 0 -4186.549703 -6150.286302 0 1.0010010010010010e-03
B933 0.921132 0.590407 0 -3888.102494 6066.074260 0 1.0010010010010010e-03
B934 0.794424 0.480943 0 -4050.237424 6690.197404 0 1.0010010010010010e-03
B935 -0.990813 0.110418 0 -836.000251 -7501.669750 0 1.0010010010010010e-03
B936 -0.212458 -1.004811 0 7275.889591 -1538.420853 0 1.0010010010010010e-03
B937 -0.981079 0.073064 0 -564.311673 -7577.409140 0 1.0010010010010010e-03
B938 -0.552339 -0.757012 0 6289.296736 -4588.864148 0 1.0010010010010010e-03
B939 -0.612573 -0.692737 0 5871.083096 -5191.678585 0 1.0010010010010010e-03
B940 0.504910 0.879863 0 -6490.051822 3724.321629 0 1.0010010010010010e-03
B941 0.633070 0.643316 0 -5654.275429 5564.220274 0 1.0010010010010010e-03
B942 -0.368618 0.942414 0 -6977.237490 -2729.095657 0 1.0010010010010010e-03
B943 -0.382487 0.930730 0 -6949.186432 -2855.796528 0 1.0010010010010010e-03
B944 -1.015331 -0.371106 0 2488.388922 -6808.127256 0 1.0010010010010010e-03
B945 -0.846076 -0.358768 0 3069.133323 -7237.871544 0 1.0010010010010010e-03
B946 -0.733832 -0.609031 0 4928.757366 -5938.740356 0 1.0010010010010010e-03
B947 0.819259 -0.376187 0 3312.297572 7213.513942 0 1.0010010010010010e-03
B948 -0.918020 -0.006710 0 57.488780 -7865.580722 0 1.0010010010010010e-03
B949 0.148776 0.963941 0 -7541.903102 1164.025158 0 1.0010010010010010e-03
B950 -0.112336 1.062548 0 -7250.690424 -766.569767 0 1.0010010010010010e-03
B951 -1.071654 0.084074 0 -568.532524 -7246.832741 0 1.0010010010010010e-03
B952 1.001055 -0.282595 0 2007.599100 7111.649860 0 1.0010010010010010e-03
B953 -0.249865 -1.023212 0 7133.866440 -1742.068377 0 1.0010010010010010e-03
B954 -1.027650 -0.056798 0 409.960988 -7417.510931 0 1.0010010010010010e-03
B955 0.210055 -1.025450 0 7216.534628 1478.247364 0 1.0010010010010010e-03
B956 -0.645688 0.657390 0 -5601.286374 -5501.578880 0 1.0010010010010010e-03
B957 -1.055769 0.130425 0 -895.875219 -7251.978540 0 1.0010010010010010e-03
B958 0.466578 0.944242 0 -6583.762753 3253.235741 0 1.0010010010010010e-03
B959 -0.630750 0.842954 0 -5880.991836 -4400.519606 0 1.0010010010010010e-03
B960 -0.888471 -0.529595 0 3794.244083 -6365.386614 0 1.0010010010010010e-03
B961 0.868075 -0.429420 0 3395.627286 6864.275102 0 1.0010010010010010e-03
B962 0.067179 0.937682 0 -7753.162984 555.463283 0 1.0010010010010010e-03
B963 1.079331 0.050617 0 -339.641902 7242.379401 0 1.0010010010010010e-03
B964 0.740621 -0.720992 0 5170.941205 5311.724751 0 1.0010010010010010e-03
B965 -1.001417 -0.234299 0 1693.021095 -7236.146805 0 1.0010010010010010e-03
B966 -0.636811 0.733282 0 -5774.065562 -5014.428133 0 1.0010010010010010e-03
B967 0.922774 -0.588742 0 3874.551443 6072.838643 0 1.0010010010010010e-03
B968 -0.530889 -0.728249 0 6415.209067 -4676.648938 0 1.0010010010010010e-03
B969 -0.770058 -0.720911 0 5015.010776 -5356.897043 0 1.0010010010010010e-03
B970 -0.182423 1.051435 0 -7188.242781 -1247.155801 0 1.0010010010010010e-03
B971 -0.104966 1.002691 0 -7465.182981 -781.485217 0 1.0010010010010010e-03
B972 0.449655 0.835966 0 -6812.535443 3664.375720 0 1.0010010010010010e-03
B973 -0.067829 1.073277 0 -7253.038752 -458.377948 0 1.0010010010010010e-03
B974 -0.585911 -0.756180 0 6091.130857 -4719.590575 0 1.0010010010010010e-03
B975 0.068518 -1.035920 0 7380.557041 488.162958 0 1.0010010010010010e-03
B976 -0.831950 0.410007 0 -3459.382207 -7019.466952 0 1.0010010010010010e-03
B977 -0.463176 0.970594 0 -6558.862755 -3129.948330 0 1.0010010010010010e-03
B978 -0.656471 -0.749987 0 5680.325904 -4972.050420 0 1.0010010010010010e-03
B979 -0.371390 0.908903 0 -7040.803006 -2876.963806 0 1.0010010010010010e-03
B980 -0.240447 0.953312 0 -7370.006045 -1858.886460 0 1.0010010010010010e-03
B981 0.639813 -0.876193 0 5843.472123 4267.015267 0 1.0010010010010010e-03
B982 0.923812 -0.581821 0 3843.893757 6103.316167 0 1.0010010010010010e-03
B983 -0.773194 0.527161 0 -4388.746118 -6437.033058 0 1.0010010010010010e-03
B984 -0.094990 0.982392 0 -7550.931951 -730.119306 0 1.0010010010010010e-03
B985 -0.938440 0.096065 0 -790.192235 -7719.255097 0 1.0010010010010010e-03
B986 -0.956018 0.432877 0 -3034.544155 -6701.859878 0 1.0010010010010010e-03
B987 0.659709 -0.761672 0 5675.143867 4915.429371 0 1.0010010010010010e-03
B988 0.964799 -0.452874 0 3101.968606 6608.406725 0 1.0010010010010010e-03
B989 -0.539615 -0.880877 0 6323.053399 -3873.427294 0 1.0010010010010010e-03
B990 -0.899339 0.596588 0 -4010.331028 -6045.459867 0 1.0010010010010010e-03
B991 1.041893 0.070929 0 -500.909265 7357.945963 0 1.0010010010010010e-03
B992 0.981816 0.332095 0 -2371.962192 7012.539910 0 1.0010010010010010e-03
B993 0.449709 -0.787938 0 6871.998011 3922.134429 0 1.0010010010010010e-03
B994 0.332722 0.862747 0 -7312.557845 2820.118588 0 1.0010010010010010e-03
B995 -0.685689 0.714617 0 -5464.450344 -5243.247520 0 1.0010010010010010e-03
B996 1.058440 0.119383 0 -818.465484 7256.435571 0 1.0010010010010010e-03
B997 0.589815 -0.799625 0 6084.567600 4488.065145 0 1.0010010010010010e-03
B998 -0.378424 0.854191 0 -7128.947606 -3158.270409 0 1.0010010010010010e-03
